922 764
922 680
852 367
670 402
661 250
953 853
577 34
723 454
670 598
953 922
224 6
598 6
953 680
607 402
680 182
661 394
598 224
953 394
922 853
922 17
922 367
518 30
670 6
953 607
394 367
723 6
922 314
680 34
764 509
922 454
518 367
454 394
922 394
852 402
224 34
661 182
953 6
853 509
723 598
518 402
670 224
922 670
670 607
852 224
723 607
670 182
822 764
723 394
509 402
822 367
607 454
509 17
723 34
822 6
454 6
922 509
598 518
764 680
764 402
367 224
822 607
723 17
853 454
454 367
723 367
764 577
953 34
930 922
670 34
509 224
670 518
853 764
680 367
670 367
953 723
822 402
607 34
598 454
402 224
598 402
723 224
922 182
853 6
922 723
822 723
723 670
577 509
518 182
680 454
670 454
607 598
577 224
367 182
953 764
922 852
670 30
764 670
922 577
402 34
454 34
953 509
607 6
598 182
680 598
182 6
822 394
922 224
822 454
598 394
454 402
764 30
394 224
922 518
822 224
953 224
723 509
853 224
518 224
822 680
607 367
764 224
224 30
853 661
953 454
680 394
607 182
922 30
680 518
764 454
723 680
670 661
953 402
680 661
922 34
670 577
852 670
853 670
661 6
764 518
852 182
402 367
922 598
764 34
661 607
822 670
661 367
852 598
680 607
394 6
509 30
454 224
607 518
852 723
394 182
922 402
764 607
402 182
509 454
930 723
367 30
852 764
680 402
922 6
930 250
518 394
852 6
518 454
670 394
723 402
822 182
680 670
723 518
607 394
922 607
764 367
509 314
764 723
853 723
764 17
852 607
680 224
509 34
680 6
723 577
518 6
661 518
607 224
764 6
953 367
518 314
723 30
953 670
922 822
367 6
402 394
598 367
402 6
723 182
953 822
