7578 1967
17258 10731
27269 24613
27529 27092
13359 6585
24710 5451
18769 288
25961 1315
24710 1268
24631 15616
27377 17081
22806 5451
24631 9883
17081 1315
13250 2724
11328 3387
12063 6165
17081 13873
9611 5886
21338 3144
27529 13250
24613 23141
12063 1967
21338 11753
27841 1967
11865 5451
25523 12559
24710 24631
17258 11131
11328 10731
25523 9611
24710 12581
13250 10087
12063 9611
7578 6165
10087 8437
27269 18229
23427 21022
27377 9313
22542 976
21338 2149
12063 9933
22542 11328
12559 7721
18769 9933
20350 6585
9933 2404
13127 3727
21338 288
12581 9933
11865 5886
6165 2724
10731 1268
22806 6165
20350 2149
22651 2404
27841 10731
24613 11865
27529 7085
6165 1967
19684 13873
27193 5144
25697 22542
27841 27377
18229 7721
12559 742
9883 5886
20350 2724
25523 288
6585 3387
22605 4020
27377 22542
24631 18215
18229 5144
22651 4020
13359 11865
26829 976
10087 976
23429 15616
18215 13873
22806 13127
12063 5886
18769 13359
18215 15214
20350 3727
27092 23427
19684 3727
17323 7721
23427 976
27072 25961
27841 20350
18215 11753
13873 3144
20350 13359
27072 21338
24613 9611
11328 5144
13250 4020
25697 12559
17323 15616
27529 5439
11753 2149
29548 1315
17323 11131
22651 11328
11753 9933
29222 24425
24425 9313
28712 24631
28712 27841
5886 1268
22605 3727
23427 4020
13127 2724
27529 18110
18769 4020
23429 288
26829 5225
13873 2724
24613 1315
17258 12581
24631 12063
17258 10087
13873 288
25697 11131
22542 13127
29222 27072
24631 18229
27072 2149
21338 19684
26829 20350
14045 2724
29548 12559
27193 10731
15616 8437
27269 9611
18229 10731
9933 4020
27377 5451
13359 5439
27092 17323
22605 5886
27193 3387
17081 15214
13359 10087
3727 1124
20350 19684
27092 13359
23427 18769
8437 7085
2149 1315
29548 23141
28712 1315
24631 12581
26829 7085
21022 6165
24613 10087
18215 5886
7578 1124
4020 976
26829 17258
28712 11328
27072 8437
9313 6585
5225 3727
15214 13127
12559 12063
14045 9611
25961 9883
25961 9313
25697 5225
11753 1124
28712 976
28712 24613
5439 3727
27269 24425
12063 742
6165 5225
26829 11865
1315 1268
20350 5144
17323 9313
25523 22806
13359 7721
18215 976
25697 5451
28712 23429
28712 1124
28712 17081
29222 3144
22806 5439
23141 13873
27269 18215
22542 11131
27841 12581
9611 7578
24425 18769
23141 11328
25579 8437
24613 22806
15616 6165
24631 9933
23427 2724
23427 11131
27072 13873
25961 288
28712 240
27193 18110
24425 1967
27092 4020
27377 18110
11865 288
22651 18215
27072 24613
6165 240
24613 4020
19684 9313
15214 14045
24613 23427
12581 5225
29222 5225
11131 6585
17323 1124
11865 2404
10087 9313
25523 6585
23429 10087
28712 8437
26829 22651
27529 10731
27377 21338
15214 1268
22605 9933
29548 5144
22806 11865
29222 28712
29222 5451
24425 23427
27377 27092
18215 2724
25523 17081
18110 976
5451 3727
22651 5451
27092 24631
18215 11328
18215 3727
27072 13359
27092 5886
27377 13250
23141 18229
10087 5451
24631 22605
28712 2149
14045 9883
21338 3727
23141 15438
21022 3727
18215 13359
20350 18229
5451 5225
27269 7085
24710 20350
27377 25579
20350 12063
27092 18229
11865 2149
19684 12063
13873 9883
27269 14045
19684 17258
12063 10087
29222 14045
22651 18229
25523 2724
19684 3387
6165 1315
12581 11865
21338 12581
27193 11131
5886 240
11753 2404
5225 5144
24613 5886
27269 5225
25523 11753
27841 22806
28712 5451
15214 9933
23141 4020
25697 12581
23141 1268
25579 4020
25697 10087
5439 5144
10731 6585
14045 240
12063 9313
27072 25697
11753 9883
27529 22542
18229 8437
13873 742
17081 9933
11753 240
27072 24425
22542 12063
27092 1967
25697 10731
13359 976
13873 2404
13250 7578
17081 976
17081 9611
17081 2724
22605 15438
23141 22605
10087 7085
22806 976
27269 742
20350 13873
21338 10731
24613 288
17081 1967
29222 22651
22542 3727
14045 2404
5144 288
20350 18215
23427 23141
19684 18215
25697 1315
27269 240
27377 23141
2404 2149
29548 24710
27193 18215
22651 13127
18229 1124
22605 18215
11753 5439
23141 13250
27841 27092
27529 9933
26829 5439
27529 12559
25523 240
5439 5225
22806 7721
27529 9611
1315 240
11328 1315
17081 7721
22605 14045
27529 1967
27072 7085
25579 11753
6585 976
26829 10087
28712 12063
22651 12063
21338 18215
24425 742
18769 12559
25579 10087
13127 11328
9933 7085
24613 240
13873 13127
5886 5225
27529 1315
28712 6165
18229 1315
29222 1315
11328 9611
23427 5225
27841 7721
25579 5439
20350 11865
15214 5144
27841 5144
13873 2149
22806 11131
5144 3387
6165 4020
25697 13359
25523 13359
23429 11131
18110 1124
18110 17081
18769 11753
8437 6585
15616 11131
24631 2149
12559 1315
22605 2404
27269 2724
27841 15438
21338 5225
23427 3387
23427 3144
25961 18110
27377 19684
21338 5144
26829 24631
27193 21022
21022 11753
7085 5886
25961 11131
25579 24631
23429 21338
22542 18229
24631 3387
29548 11865
13127 9611
9933 5439
27193 22806
13873 1124
11328 7578
21022 4020
24425 11131
18110 8437
23141 5451
18769 11328
12581 1268
24613 12559
24613 21338
12581 11131
25697 17258
14045 1124
12063 8437
29222 13359
24613 3144
27529 7578
24613 2724
22542 12581
26829 9313
26829 6585
22806 18769
29548 742
13873 13250
12063 11131
20350 17258
21022 12063
5886 2404
27092 11865
11131 5225
27092 18769
23427 22651
29548 3144
24425 21338
18215 15438
25961 8437
12063 11753
24425 8437
25961 23427
27377 20350
24631 24425
28712 27529
29222 4020
22605 13127
22651 3727
24710 22806
7085 5225
28712 22651
21022 13127
15616 13250
25523 20350
11328 9313
22806 4020
18110 15214
12063 2149
21022 3144
9611 1315
14045 1315
22542 1315
15214 11753
27529 24710
24710 23429
18215 5225
21022 9933
22542 13873
1268 1124
27269 17081
9313 5886
21022 742
13873 5886
27092 5451
17258 1268
7085 3144
25523 24631
28712 3387
7721 3144
27269 20350
23427 15616
9883 6585
15438 5144
27072 10731
15214 288
27193 18229
14045 12559
27072 3387
18215 6165
28712 13250
27841 21338
12559 9313
21022 5451
25961 14045
21338 5886
27072 12063
22542 11753
27841 4020
25697 12063
29222 1124
24631 21022
9611 5451
13250 7721
27529 3144
5451 1315
27377 5439
28712 18110
15616 288
23427 13127
25697 288
27072 3144
18110 5451
15616 3387
27092 17081
23141 3144
11131 6165
29548 7085
12559 11328
27092 21022
23427 20350
1268 288
24613 17081
27072 9611
15616 12063
27269 1268
9883 3144
9933 1124
19684 4020
15616 11865
28712 22806
15438 6585
7578 1315
22806 6585
25523 1967
14045 288
25961 2404
27092 23429
26829 4020
26829 9883
27377 12063
24425 3387
15214 5439
21022 15616
27377 8437
25579 2724
24631 5225
25961 25579
20350 5886
25697 15616
7721 5886
22542 3144
11131 2404
25579 11131
24631 2404
13127 1124
6165 976
12063 1315
15438 13250
18215 1967
29548 2149
12559 7085
29548 12063
13250 1315
11131 9611
27269 27072
10731 5144
27193 6165
8437 3387
18229 12559
21022 288
9611 2149
11131 1967
17258 7085
26829 3727
9933 2149
13359 11753
15616 13873
24425 9883
13250 1967
22605 5225
2404 976
23427 1124
22542 5451
26829 5451
27529 15616
9611 6585
27193 20350
27193 19684
7085 1315
7085 6585
27377 10087
13250 9611
5144 1124
26829 14045
18215 9611
7085 5451
24710 12559
24631 19684
27072 9883
25697 11865
24710 9611
13873 11328
17258 13359
18229 5225
9611 1268
26829 21022
27092 1124
18110 742
27841 8437
11865 240
25523 7721
24710 4020
22542 2724
22542 20350
6585 742
22651 22605
27841 23429
18769 5144
21022 7085
17081 1268
5439 1315
23427 18215
29222 7578
29222 240
23429 18110
25961 22605
18215 7085
11328 8437
15214 11865
22806 7578
2149 1124
13359 12063
12581 11328
26829 7721
11865 7721
24613 9313
4020 288
10087 3144
20350 742
27269 11753
5225 3387
4020 1315
27193 12063
15616 6585
25961 976
21338 14045
9933 1967
25523 22651
27841 1124
11865 10087
5886 1315
18769 1315
18769 6585
27092 25523
12559 2149
27072 14045
3387 1315
13127 4020
11131 9883
28712 11865
9313 5144
13873 4020
27193 26829
7721 5439
11328 3144
17258 1315
13359 3727
18229 5886
27072 3727
24425 13359
14045 11753
18769 9611
22806 11753
12581 3727
29548 13873
13127 976
15438 11753
11865 1315
14045 11131
13359 11131
29548 21338
13359 6165
21022 10731
13873 6165
27072 25579
24613 13359
3387 2724
27377 27193
7721 2724
11865 6165
10087 4020
13127 1315
21338 9883
7721 4020
23429 976
24631 13873
27269 13873
22651 6585
29222 11328
25523 23141
17258 5144
13250 9933
23429 13359
17323 1268
29548 18110
23141 22651
9933 5886
22651 13250
1268 976
7721 240
13873 3727
23141 18110
12581 5439
17323 10731
24613 976
25961 7085
29548 9933
15214 1124
14045 5439
28712 18229
23429 3727
28712 742
27841 27072
22651 11131
23429 1124
13127 12559
11131 3727
24425 22806
13127 10087
25697 9313
24425 976
29548 5451
27377 12559
25523 4020
10087 1315
18110 3727
21338 7578
26829 15214
6585 2149
25579 22806
27193 11865
27072 5439
9611 9313
8437 240
12581 9883
15214 7721
27092 2724
11865 11131
27377 1124
23429 21022
9611 2404
17323 9611
2149 240
29548 288
2724 1967
29222 17258
9883 7085
18110 17323
1967 1268
10087 5886
27072 18110
22542 1967
27841 25961
27377 1315
27193 2149
23429 22806
21022 2404
25961 13359
24425 10087
24425 7578
13873 7085
20350 4020
22605 7578
11131 7578
27841 12559
9313 1268
9313 2404
6585 3727
28712 13873
27377 7085
27841 9611
29222 23141
9611 240
3387 976
27072 6165
27377 2404
18229 11131
29548 13127
22651 6165
18229 13250
27193 27072
19684 11865
27193 1268
23429 9883
25961 9611
24425 2149
22542 7721
14045 3387
27377 15438
17258 976
28712 288
24425 11328
13359 9313
24631 1268
21338 11131
24710 5886
9883 5439
11131 4020
12063 2724
27377 9883
11328 5451
15438 7085
25579 288
27072 1315
15438 11328
24710 12063
17323 742
4020 1268
22651 15438
15214 5886
15214 2404
13250 8437
23141 22542
27193 22605
27193 3727
12559 2404
8437 7578
24631 10087
18769 3727
15438 3387
25697 9611
12063 3144
13127 7578
29548 13359
13250 5439
25697 9933
24710 742
13873 1268
29222 21022
25961 5451
27529 23429
18110 10087
22651 9313
26829 12559
27193 17081
24631 13250
25697 1967
11753 5886
13873 7578
5886 2149
19684 5439
23429 2724
12581 5451
26829 1124
17258 6585
13359 10731
6165 1124
12581 976
21338 17081
24710 15214
17323 240
15616 15438
29222 5886
15438 12063
27377 240
13873 11753
23141 5886
21022 9313
25523 24710
11753 1967
7085 3727
27269 6585
19684 976
27841 25523
24631 288
24425 13873
4020 1967
22806 288
15214 9611
29222 11753
24631 23429
18215 7578
29548 27072
25523 13127
29548 18215
19684 5144
29548 17081
27092 25579
24710 1315
21338 10087
23427 5886
27841 17258
18110 6585
13873 12063
3144 1967
3144 1124
8437 1268
17081 5451
25961 22542
4020 2724
24613 18215
29222 6165
24710 23427
27072 24710
2149 1268
22651 5886
22605 12063
27529 27193
17258 5225
10731 3387
22542 17323
27377 12581
7721 1315
15616 7085
27092 20350
28712 5225
23429 6165
24425 23141
22806 9611
19684 7721
25579 25523
25697 1268
25961 13127
11328 6165
27269 10731
24631 10731
9611 7721
22806 1967
21338 7721
18215 11865
17258 3727
24631 22542
11753 5451
25961 20350
25579 22542
4020 1124
25523 5451
27193 240
18769 5451
17258 2724
24425 4020
24425 12559
6585 5144
27269 10087
22651 1315
23429 17081
15616 11328
27072 23429
13250 6585
10731 3727
27072 21022
24710 13359
24613 20350
23141 240
23141 6165
18110 13873
12581 4020
25579 15616
25523 13250
2724 1315
18769 7578
2724 2404
25523 6165
12559 3727
26829 15616
15438 10731
27841 27193
11753 1268
24613 10731
9933 288
10731 6165
21022 11865
9933 240
18215 17081
17081 7578
27529 14045
22542 9313
23429 12559
5451 4020
15616 2404
25697 742
29222 976
27529 9313
11328 288
11131 3387
17323 2149
25523 21338
24613 5144
28712 1268
26829 13873
17258 3387
24613 6165
15438 12559
29222 25697
19684 5451
9313 5225
25961 15616
5439 3144
18769 7721
18769 13127
25961 13250
1967 288
17323 11753
22542 10087
5886 5451
27377 5144
27193 22651
17258 9883
25961 5144
25697 17323
25523 1268
3144 2404
20350 3387
23429 5225
27841 5451
27841 11865
22806 9883
11865 5144
17081 9883
13359 13127
29222 7085
23429 20350
13359 7085
20350 11328
3144 1268
25579 5225
26829 12581
25697 2724
18229 18110
29222 27092
18110 17258
12559 3144
3144 240
25961 17081
18110 3387
29548 24613
27841 9313
22651 3144
11131 5144
22806 13873
17323 1315
27841 2724
25523 5144
13250 11328
17323 7578
18215 12063
24613 18769
29222 11131
4020 2404
27377 15214
26829 18229
22806 21022
13127 1268
20350 9313
23429 17258
7721 2404
5225 4020
27269 5451
25579 3144
27377 9611
13127 11865
27092 14045
11753 7085
26829 3144
13873 240
22605 9883
27377 1967
27193 14045
27841 1315
5451 2724
25697 21338
10087 9883
23141 10087
27841 13873
15616 240
28712 13127
20350 10087
742 240
27269 5886
27841 6165
11328 9883
27841 23427
29548 3387
27193 12581
12581 7085
27193 10087
24425 17258
23429 3387
22605 5439
25697 5439
18229 15438
25523 5439
27193 9611
23427 22806
23141 18769
25697 240
22806 13359
27841 3144
27072 240
15438 1967
18229 976
17081 13359
22806 17323
17323 13359
29222 18769
19684 11328
27072 13250
1268 240
15616 9313
14045 12063
11753 9313
13250 11753
22605 17081
28712 25579
13127 7085
27092 10731
27377 18769
26829 18215
15214 976
13359 742
11328 5439
23429 22651
15438 1315
26829 11753
28712 9883
27193 1315
12559 1967
19684 10731
23427 5144
25579 18215
7721 288
17081 1124
27529 3727
25579 5451
18110 5225
22651 8437
27377 5886
7085 2149
27841 13359
12559 9611
23141 3727
17081 15438
14045 7085
27841 12063
18769 1124
11753 10087
15214 10731
14045 13127
27841 6585
25579 24425
18215 2149
27269 21338
5225 2724
17258 11328
9933 1268
18110 7085
20350 288
28712 22605
29548 15438
11328 3727
17258 240
27377 288
19684 1124
29548 29222
28712 21022
29548 1124
24613 11131
18229 18215
18110 11753
12581 3144
9933 9611
23427 3727
17323 2404
13127 742
12559 288
27092 18110
27377 4020
21338 13250
23427 5439
13127 12063
22542 8437
6165 5451
9611 1967
22806 18110
27269 15438
18229 13127
25579 23141
9611 3144
7721 5225
27072 23141
18215 17258
29548 9313
19684 8437
23141 20350
18229 9883
29222 10731
18110 1268
7085 1124
11865 742
24710 7721
26829 240
27377 24613
2149 1967
23141 9883
3387 3144
28712 24710
9933 3144
15438 14045
26829 25579
22542 17258
11131 1268
7085 5144
22651 12559
28712 9611
13250 5451
18215 1124
22806 2724
19684 13250
23429 1315
2404 1967
27377 3727
12581 11753
27377 6165
24613 742
22605 6585
23429 1268
22542 7578
22605 19684
24425 5144
13250 11131
18229 7085
27377 13359
17081 5886
15214 12581
22605 13873
22651 17081
14045 8437
24631 11753
27193 7085
26829 13127
9313 4020
7721 6165
21338 13127
18110 7578
27529 5144
25961 11865
28712 13359
22605 5451
17323 15438
20350 6165
27529 5225
29222 20350
9883 240
19684 7578
24631 3727
24710 7085
27092 11131
25961 1967
12063 2404
15438 1124
22651 3387
27269 22542
27529 5451
27269 8437
4020 3144
26829 18110
15438 4020
18769 240
27092 976
25523 12063
25579 18110
27072 11753
29548 25697
27377 22651
24710 22542
19684 13127
27841 2404
18769 6165
19684 9933
18215 742
13873 10731
8437 3144
19684 7085
27529 240
22651 20350
11753 6165
29548 27377
23427 12581
8437 2149
24631 1124
27269 27092
24425 1315
25697 22806
23429 23141
18769 14045
7085 2404
27529 23427
29548 4020
24710 3387
11865 1268
25579 13359
14045 11865
21338 9933
7085 742
24710 2404
18769 11131
28712 26829
11328 6585
9883 1967
12559 6165
27072 9933
29222 15616
29222 1268
27193 288
25961 5886
13873 11865
22542 6165
29548 21022
11131 1315
24631 2724
6585 240
28712 10731
22605 12559
22605 21338
17081 11328
21022 12581
22605 11753
29222 27377
7721 742
18769 13873
15616 3727
23429 17323
22605 1124
26829 13359
27092 11328
23427 12063
13127 2149
23141 21338
18229 13359
29548 17258
18769 15214
7578 742
27529 21338
18215 1315
22605 13250
21022 18229
11131 2149
13873 9313
15616 13127
22605 18110
25579 13873
25961 21022
18110 240
27377 7578
26829 1268
27072 7578
18229 17081
27072 22651
23427 6585
5886 1967
27072 12559
12063 7721
15438 2404
5144 1315
11131 240
12581 6585
6585 288
23141 11753
29548 14045
14045 6585
27269 24631
27193 5225
26829 9611
27092 1268
27269 12581
20350 13250
10087 5144
18215 10087
26829 24710
18229 5451
18215 12581
22651 5439
12581 9313
22806 17258
29548 5225
10087 5225
27529 26829
1124 742
14045 3144
5225 3144
2724 1124
18769 13250
24425 10731
24631 1967
15214 4020
25579 12063
23427 10087
7578 7085
22605 18229
21338 6585
9933 3727
27193 18769
27072 11865
25697 7085
13250 10731
26829 2149
8437 1124
25961 22651
12063 5144
7721 1124
27529 2149
15438 3144
21022 18215
26829 10731
25961 6585
19684 11753
11328 1268
27841 7085
28712 27072
25961 11753
7578 5225
22542 742
23427 288
11753 976
17258 15214
25523 18229
23427 1315
9933 5144
27092 25697
24710 9313
27193 24710
17081 6585
9313 1124
11753 3727
28712 5886
20350 18769
23141 15616
3727 2724
12559 240
29548 15214
3387 288
24631 23141
15438 12581
27269 976
3144 288
22542 11865
27072 5451
27377 23427
9883 2404
26829 25523
27269 25697
22605 15616
22542 288
12063 7085
13127 6165
24710 10087
25579 17323
27529 13359
5439 1124
22806 12559
9883 5451
10087 9611
27072 5225
15214 5225
13873 11131
15438 5439
27377 11753
18229 6585
23427 17081
5886 3144
12581 9611
27072 6585
24425 18229
11865 5439
15438 13127
27529 1124
14045 7721
27841 24710
9883 5225
15616 14045
19684 18110
29222 27269
15214 5451
24631 240
15616 1967
25961 2724
27072 25523
11328 2724
5451 3387
22806 14045
27529 24613
25961 3387
27529 25523
29222 24613
12581 1315
29548 6165
27269 9313
27377 25961
27193 2404
5225 742
25697 22651
22806 22542
23429 15438
23429 1967
17258 4020
20350 12581
10731 1967
28712 21338
13359 7578
5886 3727
23429 9611
18769 5886
22605 12581
8437 5886
15616 10731
23141 17323
18229 742
18110 2724
29548 2404
10731 9933
22542 9611
12063 5439
10087 288
17323 8437
27193 742
9313 7578
9883 4020
21022 17258
17323 4020
22651 9611
22651 2149
5144 4020
27092 9883
24425 18215
25697 18229
5439 742
21022 8437
22651 1967
10731 5439
23427 9313
23141 7085
24425 19684
17323 3727
25697 23141
28712 12581
27529 22605
6585 2404
20350 3144
8437 5439
22542 13359
27092 24710
1315 742
29548 7578
24425 5886
21022 6585
25697 11753
19684 2724
18229 2149
24613 19684
21338 9313
29548 15616
27092 8437
25697 9883
14045 7578
27377 1268
18769 11865
6165 5439
27529 20350
22651 10731
21022 2149
22542 1268
23427 240
22605 7721
22806 9313
11865 5225
28712 3727
19684 5886
8437 4020
25579 21022
7085 3387
25579 11328
29222 27193
11328 240
25697 24710
27529 2404
27193 13359
17081 11753
26829 11328
27072 22806
29222 25961
21338 15438
27377 24710
26829 22605
25961 12559
26829 17081
10731 8437
11328 7085
25697 13873
13359 5451
6585 6165
5225 1124
17323 12559
23427 19684
27841 25697
21338 11865
24425 7085
25523 5225
27193 1124
23427 7085
12559 1268
24613 17323
25523 10731
27072 18769
22651 18769
27193 15438
27092 24613
13873 9933
27193 24631
25579 22651
21338 13359
25961 11328
17323 2724
27269 2149
23427 13359
27529 18229
23429 9933
29222 18229
28712 11753
18229 11753
29548 11753
9611 3387
27529 12063
11328 5225
25579 12559
27841 11328
24710 7578
11753 6585
22806 18229
2724 288
18215 4020
25579 9611
15214 2149
22542 18110
20350 15438
25697 3727
15616 5451
19684 1315
13873 12559
24710 3144
17258 7721
10731 9883
22542 10731
25579 18769
10731 2724
20350 15616
26829 5144
27377 17258
22806 12581
18769 12063
23429 15214
27269 27193
27529 976
11753 9611
27092 742
18110 2404
29222 9883
13250 5144
26829 11131
27269 25961
29548 1268
10731 5451
17081 12063
18769 15616
22605 1967
18229 5439
9883 9313
21022 19684
26829 17323
29548 22806
26829 22806
17258 3144
22651 13359
18110 15616
23427 1268
29548 10087
10731 5225
21338 1315
742 288
29548 5439
28712 3144
19684 17081
27529 13873
25523 7085
29222 13873
11753 742
13359 12559
27529 18215
13250 13127
29222 18215
17323 5451
6585 2724
13127 3387
18110 7721
12559 5439
17258 6165
12581 288
19684 18229
24631 7085
27841 976
23141 21022
21022 3387
17081 11131
8437 288
10731 3144
21338 15616
21022 13873
27377 25697
8437 5225
11131 1124
11865 4020
17081 8437
27377 24425
20350 8437
22542 2404
17081 7085
7721 976
25523 15616
11328 2149
26829 12063
28712 1967
27092 9933
15214 8437
27269 7721
10087 3387
27377 24631
17258 2149
26829 3387
17258 1967
27193 9933
14045 13250
25961 15438
9313 1967
27529 11865
28712 12559
23429 7721
21338 15214
17258 9611
27841 288
12581 5144
17258 12559
976 288
13127 240
12581 6165
27193 9313
27072 9313
11865 9611
24425 1124
24631 18769
27072 15438
13359 11328
17258 11865
24613 9933
27072 1124
10731 2404
22651 9933
22806 8437
17258 12063
27193 13873
15616 1268
22542 19684
17081 11865
24710 8437
25523 2149
25961 17323
6585 4020
1124 288
25697 5886
1268 742
28712 6585
25523 13873
22542 18215
23429 5144
27193 7578
24613 12063
9611 6165
5451 5144
25697 25579
26829 288
2404 742
27269 2404
18229 7578
19684 15438
18229 9313
11328 9933
24613 22605
24710 17323
12581 12559
15616 2149
27092 5439
18110 9933
25523 8437
27269 17258
11865 1124
23427 9933
13127 9883
27529 22806
21022 14045
29222 18110
28712 20350
27193 11328
288 240
21338 5451
27377 6585
7578 976
25961 9933
12559 7578
29222 25523
20350 10731
12581 12063
27269 23429
18229 11328
15438 2724
22605 13359
14045 10731
17323 288
29548 2724
27269 3144
27193 4020
12581 3387
22806 10731
3144 2149
25961 10087
21022 11131
24613 2404
26829 13250
25579 20350
17081 5439
23141 742
19684 18769
25523 1124
24613 7085
5144 3727
26829 23141
7578 5439
25697 23427
25697 1124
9933 7578
26829 6165
24613 18229
24613 17258
8437 6165
29548 9883
17258 9933
7085 240
25523 24613
9933 742
23429 11865
29548 19684
27841 742
21338 240
17081 3144
17323 17081
27841 5439
29548 8437
23429 12063
27269 4020
7578 4020
9313 8437
25961 5439
15438 9933
10087 6585
18215 240
27092 3144
4020 2149
24425 14045
23427 18229
27841 18110
29222 15214
15438 9611
20350 17323
26829 22542
25523 18215
23429 13127
11131 10087
8437 976
27377 976
24425 11865
18769 2404
17081 10731
28712 17323
24613 13127
14045 9313
27092 5225
7578 3387
7085 1268
21338 12559
24710 19684
12063 11328
10087 742
18229 2724
18110 10731
21338 742
9313 5451
9313 7721
9313 3727
7721 1268
9933 6585
21022 18110
29548 27193
14045 11328
18769 18229
9313 1315
23141 8437
11328 1124
9611 5144
26829 24425
23427 21338
24710 18769
29548 1967
12581 7578
25961 4020
18110 13127
9611 5225
25579 1315
25579 7578
18229 10087
9933 8437
19684 9611
24631 6585
13250 976
9883 1268
13359 13250
19684 12559
25523 2404
25523 9883
12559 10731
17081 15616
19684 6585
12063 7578
27193 12559
11753 8437
7721 5144
13873 5439
13250 3387
15438 976
11753 7578
23141 12063
15616 7578
15438 5886
25697 7578
15438 11865
2404 1124
28712 25523
18769 1268
27092 15616
18215 2404
25523 24425
22651 13873
21022 5439
7578 2404
9611 3727
27841 25579
13250 9883
23141 976
27092 12063
21022 20350
1124 240
28712 10087
15438 15214
1315 976
27841 14045
19684 1268
20350 13127
27092 3387
18215 12559
7721 7578
15438 9883
17323 11328
6585 1315
24425 22542
13873 7721
27529 1268
18769 18215
24613 8437
3727 240
26829 23429
9933 976
9313 742
27841 7578
24710 22605
27841 21022
23427 15214
17323 7085
18110 9883
8437 3727
22806 5144
27841 26829
18110 13250
18215 5144
22605 240
13250 7085
27193 5451
27193 27092
13250 2404
9611 742
17323 976
20350 7578
5225 1967
12559 4020
18215 9883
13250 9313
22806 15438
23429 22542
15214 11131
23429 8437
6585 1268
22806 742
15438 5225
18769 2724
27269 18110
25579 13127
28712 7085
21338 1268
13873 10087
5225 1315
27841 15214
23427 13250
27072 13127
23141 9933
27377 27269
21022 7578
5451 1268
24425 20350
25697 13127
22651 5225
18215 1268
23429 11753
14045 10087
29548 22651
13127 9313
18769 17258
27193 23429
21022 18769
17258 17081
24710 18110
3387 240
17323 3387
21338 18769
27269 18769
24710 24613
27529 2724
17323 12063
12559 5886
22806 21338
5439 4020
27072 288
22542 12559
12581 8437
24613 15616
24425 6165
14045 976
23429 23427
22605 2724
12559 5451
29222 6585
7721 5451
27072 17258
27072 15214
22651 19684
13873 976
23427 13873
13359 240
22605 11328
25579 9883
15214 12063
25523 14045
18110 4020
7085 2724
29548 6585
22605 11131
24613 22542
24631 15214
10087 2149
17081 9313
18769 9883
24613 14045
9883 3387
12559 11131
29222 27529
24425 22605
25579 24613
18110 15438
24631 17323
25579 13250
18769 9313
29548 25523
5439 3387
15214 12559
27269 15616
23141 11131
27072 20350
27377 15616
27269 11328
5225 1268
20350 18110
25697 15438
17081 10087
28712 24425
27269 3727
15438 1268
17258 9313
6585 5886
29222 3727
22806 5886
25697 6165
976 240
27092 6585
28712 25697
19684 2404
13127 5144
25961 5225
6165 3144
22651 240
22651 17258
11865 9883
24710 23141
11865 3727
15214 1315
24710 2149
25579 240
9933 9313
15214 13873
25523 18769
22542 240
22605 5144
27269 6165
26829 21338
29222 288
15214 7085
22605 18769
8437 2724
20350 5439
5144 1967
27269 288
24613 9883
26829 25961
5451 742
27269 21022
27377 3144
8437 1967
18215 288
24631 17258
25961 3144
26829 1967
15616 9933
27072 18215
10087 1124
18110 2149
24631 22651
26829 8437
4020 3387
15214 11328
13873 5451
22806 9933
27841 22605
24710 21022
13127 2404
18110 5439
13873 6585
27377 2149
22605 1268
25579 24710
25579 9933
24631 24613
12559 5144
27377 7721
28712 17258
24710 18229
7578 3144
24710 11865
29548 20350
27529 19684
27269 9883
27092 23141
13250 2149
7085 5439
22605 9611
9933 1315
24425 9933
23141 19684
7578 5451
15438 2149
25961 3727
3727 3387
22542 15616
21338 976
21022 10087
24631 11865
5451 240
14045 3727
27529 15214
7721 1967
29548 27269
24631 22806
5144 2404
29548 26829
24613 3727
25579 7721
24631 13359
26829 5886
23429 9313
22605 17323
28712 27269
24425 15214
22806 22605
5439 2404
18215 11131
24710 15616
27841 24613
24710 13250
29548 18769
29222 22605
25961 23141
12063 4020
2724 1268
22605 10731
5225 288
12063 1124
19684 13359
23141 9611
25961 24425
17081 5225
25697 2149
15438 13359
23429 11328
3727 1315
13127 10731
24631 742
1967 240
28712 7578
27072 24631
21338 6165
27841 9883
24710 18215
17323 5886
12559 11865
13359 1268
13359 1315
12581 10731
6165 1268
24710 6165
15214 742
12581 1967
22806 10087
23141 9313
11753 5144
25697 20350
9313 3144
25697 5144
15616 12559
25579 2149
22651 5144
22651 7578
24425 6585
22542 9883
15616 9611
21338 20350
18769 17081
9611 8437
18110 6165
17258 11753
29548 28712
22651 15616
17323 13127
29548 27092
28712 5144
22651 9883
11865 2724
13873 9611
19684 11131
1967 1124
23429 4020
18229 12063
27092 11753
25523 23427
11865 1967
19684 6165
3144 742
20350 17081
13359 12581
25961 742
11865 11753
22605 288
13873 1967
27193 17258
11328 11131
27377 742
10731 9611
27841 24631
20350 11753
27072 1268
24631 3144
18215 13127
9611 288
27092 17258
13359 3144
13127 5439
5439 1268
27377 9933
14045 1967
27092 13873
23429 14045
9883 9611
29548 18229
25523 3387
27072 15616
22542 5439
18110 11328
22542 21022
23429 18769
27269 22651
29222 12063
27841 2149
24710 6585
15616 5225
5886 2724
22806 12063
27841 15616
19684 288
12581 5886
13250 240
5439 2724
7578 288
15616 5144
25697 18769
29548 12581
25697 24613
25579 15438
29222 2404
18110 9313
25579 1124
7085 288
5451 2149
21338 11328
27841 11131
21338 8437
25579 23427
28712 25961
10087 5439
21338 13873
22542 15214
9933 3387
22605 6165
24631 5886
2724 742
23429 10731
17323 13250
27269 17323
24425 5225
6585 1967
15214 13359
27193 3144
19684 15616
26829 25697
27377 17323
13127 288
24710 11328
29222 17323
18215 3387
17323 5225
18229 3144
28712 27092
15616 742
3727 742
25961 1124
29548 240
18215 10731
25523 742
25961 21338
17258 5886
17258 5451
23141 12581
25523 3727
22605 22542
29548 11328
8437 1315
22806 19684
18229 12581
25579 6165
21022 1124
9611 976
10731 7721
20350 12559
23429 2149
25697 24631
17323 3144
5144 2149
27269 26829
11131 976
27072 742
24425 240
29222 26829
11865 8437
5451 1124
9883 1315
11131 2724
21338 18229
27529 9883
28712 9933
25523 15214
27193 7721
25579 21338
24425 9611
18110 12581
27193 1967
6165 742
5225 2149
27193 11753
25523 18110
27529 3387
21338 3387
29548 13250
22806 22651
27072 26829
12559 8437
27529 7721
25697 2404
27269 15214
29222 11865
27529 11131
14045 9933
27841 18215
17258 15616
11131 9933
20350 7085
27377 11131
12581 2149
27072 4020
13127 11131
25523 7578
27092 10087
7578 2724
19684 3144
28712 18769
27092 12559
22651 17323
23427 9883
25697 13250
28712 22542
25961 15214
18110 1315
23141 3387
26829 24613
15214 6585
17081 3387
15214 1967
22651 21022
12559 1124
27193 8437
27092 2404
24425 13127
20350 11131
24425 22651
19684 5225
27529 25697
15616 4020
29222 9313
27841 22542
11328 10087
11865 7578
24631 8437
27841 1268
2404 1315
21338 7085
12581 2724
18229 3727
23429 5451
27841 3387
18769 18110
25697 19684
25961 7721
25579 15214
27072 19684
13359 5144
4020 3727
2404 1268
27529 10087
6165 5886
29222 10087
17323 12581
22542 1124
29222 5439
13250 1268
18110 14045
15438 742
27193 9883
24710 9933
23427 14045
27072 5886
28712 11131
25579 22605
23429 13250
24631 17081
14045 742
12581 7721
9313 6165
9883 5144
27193 24613
25523 22605
27072 2404
25961 13873
22651 976
17323 13873
10087 240
27529 23141
24613 13250
27529 27072
11753 11131
5451 2404
25579 12581
5144 742
23141 2149
28712 9313
21022 240
8437 5451
27193 23427
27377 13873
13127 7721
12063 5451
22605 3144
25579 23429
24425 13250
5439 240
23427 9611
22806 15214
25697 21022
6165 2149
25579 18229
17258 14045
24710 21338
7721 6585
25523 21022
22651 14045
24710 24425
29548 22542
6585 1124
12063 5225
15616 15214
6165 3387
12063 976
9883 742
25523 17323
15214 7578
21338 1124
14045 5144
13873 1315
25579 17081
13127 11753
23427 2404
13127 1967
22542 2149
19684 12581
17081 12581
24613 22651
25523 19684
27269 22605
13359 9611
13873 5144
25961 18769
29222 22806
20350 1124
22651 7085
29548 7721
24425 17081
10087 7721
6585 5225
6165 3727
2724 2149
13873 5225
12063 3387
25961 18229
26829 2724
13127 9933
13873 8437
5886 976
15616 1315
5451 976
22806 1268
27193 17323
23427 10731
27841 240
9883 2149
21022 15438
19684 15214
23141 5439
27193 25697
5225 2404
12559 2724
3727 1967
17258 13250
18229 6165
11865 10731
10087 1967
22542 5886
14045 5886
13250 288
10731 1315
9933 9883
13359 4020
10731 7578
25961 10731
21338 17323
7578 240
13250 12581
18769 15438
21022 7721
28712 27193
25697 8437
24613 1124
23427 17258
11131 7085
24613 15438
13127 5886
25697 25523
27529 5886
25697 7721
11753 2724
15616 1124
9933 7721
28712 23141
27092 15438
27193 2724
20350 9883
29222 742
24613 5451
29222 17081
27529 25579
27269 7578
25961 18215
23141 7721
28712 23427
27269 12063
25579 10731
15616 13359
5451 5439
18110 12063
27092 7721
29548 17323
27072 7721
13873 3387
27377 23429
24710 5225
11753 3387
24631 976
10731 5886
27529 6165
27269 13127
11753 7721
18215 18110
11753 10731
29222 5144
22542 4020
3727 2149
5886 3387
27841 22651
24613 23429
17258 13873
17258 13127
27841 9933
18769 17323
27377 21022
27529 25961
11131 742
22542 21338
20350 2404
22806 15616
27092 22651
24710 15438
10087 1268
27092 7578
21022 15214
25523 10087
17081 742
27841 27269
15214 9313
24710 9883
17081 6165
5144 3144
10731 7085
11131 9313
18769 742
27377 11328
19684 240
24631 1315
11131 5439
15438 3727
20350 240
23141 11865
15616 11753
13359 2149
29548 23427
5451 288
18229 4020
27193 5886
24631 23427
13359 5886
15214 10087
24710 288
13127 6585
6165 2404
25523 1315
27269 5439
3144 976
27529 742
20350 9933
27269 23141
18215 9313
24631 9611
24613 3387
18229 14045
20350 9611
8437 7721
23141 1967
24631 12559
17323 15214
25579 1967
29222 12559
23141 14045
8437 5144
12063 10731
24631 20350
13127 8437
20350 1967
12559 976
19684 1967
24710 976
10087 2724
12063 9883
13250 11865
5439 2149
25697 18110
29548 976
10731 742
10087 3727
24613 7721
13250 12063
27377 27072
22806 240
18110 9611
11328 976
9611 4020
27529 27377
12559 5225
24710 22651
22651 11753
24710 240
22542 14045
3387 1268
5886 288
23141 18215
23429 13873
6585 5439
25961 24631
13127 12581
24425 18110
22806 3144
11131 5886
25523 9933
13359 1124
24425 12581
29222 21338
3727 976
21338 1967
3144 1315
24613 5439
7578 1268
27841 18229
25523 976
9611 5439
25697 976
18215 9933
18769 8437
21338 9611
18229 240
17258 288
24613 15214
23429 3144
13873 13359
24613 18110
7721 7085
27072 11131
18769 10087
9933 2724
9883 8437
18769 5439
22806 5225
29222 13250
9883 1124
11865 9313
17258 7578
3727 3144
14045 13359
22605 17258
20350 7721
19684 742
10731 240
24613 24425
9883 7578
23429 12581
13873 12581
27529 8437
14045 4020
27092 288
7578 2149
21338 21022
24631 9313
11328 7721
29548 25961
5886 5144
25961 25697
22651 21338
23141 17258
18229 3387
22605 11865
23427 18110
27529 17258
11865 11328
23427 7721
18229 17258
27841 5225
27269 22806
27092 3727
25523 9313
27269 1315
13250 5886
29548 22605
22806 3727
18215 6585
22605 20350
24631 11328
17323 9883
23427 742
17081 3727
3727 2404
23427 7578
27377 3387
27841 5886
27269 23427
15438 5451
12559 3387
27841 17323
9611 2724
27529 4020
12581 10087
18110 3144
25579 1268
21338 2724
9313 2724
21022 2724
24613 13873
22605 9313
22806 17081
18215 8437
24425 2404
24425 3727
23141 13127
25579 14045
24710 17081
27072 11328
27092 27072
13250 6165
27193 13127
15214 3387
22651 10087
15438 6165
22651 12581
13359 2404
7085 4020
29548 3727
22542 6585
28712 2404
25697 14045
11753 11328
7085 1967
25961 1268
11131 8437
5886 4020
23429 18215
27529 24425
17323 14045
11328 742
23141 13359
24425 21022
27269 5144
21338 17258
5451 1967
27269 25579
21022 976
22605 742
27092 19684
24631 6165
27529 21022
24710 11131
27529 27269
29548 27529
27092 15214
29222 23429
29222 15438
24613 5225
23141 1124
28712 18215
22651 22542
12063 240
25523 15438
27529 24631
22542 3387
27072 976
29222 24631
25523 11131
11328 2404
27529 12581
21022 1967
29222 12581
18110 13359
27377 5225
10731 2149
10087 2404
15438 288
2149 288
24631 11131
18110 11865
21022 5144
28712 19684
25961 7578
23141 2724
23427 11865
21338 4020
2149 742
22651 11865
2724 240
27193 13250
14045 2149
23141 1315
24710 1124
18229 1268
25579 11865
5451 3144
27092 13250
18229 13873
22605 2149
23429 7085
27072 10087
24425 17323
25579 3387
24631 21338
25697 18215
28712 15438
24425 15616
23427 22605
24631 5439
22605 1315
19684 2149
27193 21338
12559 9933
18215 5439
8437 742
22542 13250
24425 12063
5886 742
27092 21338
6585 5451
15214 240
17081 2404
12559 6585
27377 14045
20350 1315
24631 14045
17081 288
27092 9611
28712 4020
22806 2404
23427 11753
11328 5886
29548 24631
17323 9933
22605 8437
27269 19684
24613 21022
13359 3387
19684 10087
10731 1124
17258 2404
27193 5439
22605 10087
24425 2724
13250 1124
11131 288
24631 4020
24425 288
7721 3387
21022 12559
24613 12581
27092 1315
26829 23427
1315 1124
1124 976
27092 9313
1967 742
21338 18110
27193 22542
17323 6165
25523 17258
15214 13250
15616 9883
27841 24425
17081 5144
27841 10087
23141 2404
7085 976
21338 5439
24613 1967
18110 1967
15616 2724
23141 22806
2724 976
29548 24425
23427 22542
24710 11753
29548 27841
23429 240
27092 5144
5144 976
22605 976
17081 13127
23141 17081
24631 15438
10731 9313
23427 15438
17081 2149
27092 12581
9883 3727
25523 3144
25579 19684
11328 1967
14045 1268
24710 5439
27269 9933
25961 17258
25961 240
27269 12559
22806 18215
29222 9933
7721 2149
5886 1124
22651 7721
18110 288
23427 1967
6165 288
29222 9611
13359 8437
13359 288
18229 2404
22542 7085
9883 976
11865 9933
20350 976
13359 5225
13359 2724
18769 7085
17323 6585
29222 1967
28712 2724
9313 976
23427 12559
11865 976
18215 15616
2149 976
27193 23141
24425 11753
26829 1315
28712 14045
25697 24425
25961 19684
27269 11131
12063 1268
27072 18229
18769 976
15616 3144
25697 4020
27092 240
18110 11131
17081 14045
25579 17258
25579 5886
3727 1268
27092 18215
27841 19684
23427 8437
22806 1124
7578 5886
10731 4020
11131 5451
29222 3387
25579 6585
29222 7721
27529 22651
25579 2404
17258 1124
24425 1268
18769 2149
22806 3387
29222 27841
27193 15616
27529 17323
27092 24425
15214 6165
18229 17323
25579 3727
22605 3387
3144 2724
22651 288
18769 3387
22605 7085
18229 15616
27072 17081
14045 5225
27193 25523
25961 22806
18229 9933
27377 18229
24613 1268
15616 976
7578 6585
18110 5886
18215 5451
29222 2724
15438 8437
22651 2724
27193 6585
29222 8437
17258 8437
12559 11753
11131 3144
27092 22542
2404 288
24425 5451
29548 11131
15616 10087
23141 6585
11865 3387
15616 12581
23141 288
20350 1268
17323 5144
24710 3727
7085 6165
23429 18229
23429 5886
27529 288
5144 240
18229 288
7721 3727
29222 25579
27072 22542
21022 5225
25579 976
5439 976
23427 5451
22806 2149
21022 17323
27269 3387
11131 7721
18215 3144
29222 2149
22806 20350
10731 10087
23429 19684
24710 13127
24710 14045
26829 18769
27092 6165
25961 24710
27529 6585
29548 23429
21022 1315
19684 9883
25961 2149
12559 9883
13250 742
27377 18215
27269 24710
15214 2724
21022 5886
3727 288
27841 18769
2404 240
15214 9883
12063 6585
28712 27377
27269 25523
12063 288
15214 3144
18215 7721
27092 7085
17323 10087
9313 2149
17323 5439
23141 5144
21338 12063
9883 2724
27841 11753
17081 4020
3387 2149
13250 12559
27072 12581
15438 7721
24613 7578
9883 288
23141 5225
15438 240
27072 1967
24710 17258
12063 3727
11131 10731
29548 10731
27072 2724
24425 23429
14045 5451
24710 13873
27377 2724
9611 7085
18769 12581
23429 2404
13359 9933
21022 1268
18229 15214
23427 17323
29548 5886
27377 22605
24425 5439
27193 24425
18215 13250
5144 1268
27529 15438
13250 5225
9883 6165
18769 10731
28712 7721
23429 6585
15438 9313
25523 5886
13127 5451
21022 9883
9611 1124
22806 7085
29222 24710
23429 742
23141 10731
25961 24613
23141 12559
15214 3727
29548 9611
13250 3144
13250 3727
22542 5225
9313 5439
27269 13250
13127 5225
27092 26829
29222 19684
12581 2404
15438 10087
22542 5144
23427 2149
8437 2404
3387 1124
22605 21022
22651 1268
1967 976
17258 15438
14045 13873
27193 976
18229 1967
12581 240
22651 15214
26829 15438
11865 6585
25697 15214
25523 12581
27269 11865
12559 10087
22542 15438
27092 2149
6585 3144
4020 240
13127 3144
9313 240
6165 5144
24710 5144
19684 14045
24613 11753
27377 10731
18110 12559
20350 15214
12581 742
25961 6165
5439 1967
25523 23429
15438 11131
25697 23429
5886 5439
27841 27529
24710 1967
22806 11328
27841 17081
7578 3727
24631 18110
25697 6585
27377 13127
26829 19684
21022 13250
25579 9313
27377 22806
21338 2404
25697 22605
25961 25523
17323 11865
27529 18769
27377 25523
18769 5225
23427 11328
22542 17081
18229 9611
23429 22605
27841 3727
25523 11328
15438 7578
27092 25961
22542 9933
15616 7721
24613 2149
28712 15214
17323 17258
10087 6165
24710 10731
20350 5225
11328 4020
28712 5439
5144 2724
21022 9611
25697 3144
27841 13127
15616 5886
13359 1967
25579 7085
17258 5439
7578 5144
18769 3144
27092 22806
24631 5451
17258 742
3387 742
20350 5451
27092 13127
22651 1124
24613 11328
9933 5225
11865 3144
14045 12581
24710 2724
24425 3144
26829 2404
28712 15616
24425 7721
18110 5144
27269 1967
25961 12063
27529 17081
23141 7578
18769 1967
22806 1315
12581 1124
27193 25579
21022 13359
3387 1967
9313 7085
27529 11753
29222 23427
27072 17323
22806 13250
3387 2404
15616 5439
18215 17323
9933 6165
976 742
11753 288
24425 15438
21022 11328
23429 7578
27072 5144
11753 5225
20350 14045
26829 742
4020 742
25523 11865
12063 11865
25579 5144
27377 26829
25697 11328
9933 5451
11753 1315
24631 13127
25579 742
27529 13127
27269 1124
17081 240
9313 3387
29222 13127
26829 9933
11753 4020
18229 11865
22605 15214
1967 1315
10087 9933
23427 6165
10731 288
27841 23141
5439 288
27841 13250
25697 17081
9883 7721
11753 3144
23141 15214
27269 13359
27377 11865
24631 7578
25961 12581
21022 17081
29222 22542
27092 22605
10731 976
22542 18769
10087 7578
13359 9883
1315 288
14045 6165
26829 7578
15438 13873
25523 22542
27193 15214
29548 25579
17081 12559
17081 13250
25961 23429
27072 23427
19684 17323
11865 7085
27529 11328
23429 5439
25697 3387
27072 22605
5225 240
9313 288
24631 7721
24613 6585
5225 976
22651 18110
22651 742
17323 1967
18215 14045
24631 5144
27193 25961
