703 243
595 45
964 226
595 180
964 45
424 243
964 354
543 308
778 354
383 180
942 308
778 365
424 308
365 253
861 318
800 354
778 180
598 365
703 253
861 253
595 253
471 354
354 243
365 180
383 253
703 365
595 543
908 703
703 180
226 180
365 318
562 318
800 365
861 226
383 354
253 180
471 253
595 354
365 211
800 226
253 226
318 243
354 180
861 365
354 226
543 424
861 211
964 598
595 243
861 778
471 180
543 365
908 253
354 253
318 253
778 253
778 703
501 424
964 180
861 180
861 383
501 365
226 45
365 354
908 243
463 199
703 595
180 45
598 308
778 211
471 365
253 211
354 308
964 501
501 308
703 211
908 354
501 354
964 365
383 211
211 180
800 471
778 226
703 354
595 471
800 703
543 243
800 253
365 226
800 211
861 471
778 383
861 800
598 243
861 354
354 211
800 383
471 226
543 253
703 383
595 226
543 501
800 180
554 463
703 226
543 354
778 471
383 226
861 703
383 365
365 243
703 471
942 365
703 543
471 383
354 45
800 778
226 211
471 211
861 243
595 211
861 595
253 243
595 365
598 562
365 308
