11184 4710
18782 2926
4361 1086
15155 393
9805 3510
20958 1515
8176 570
21362 14494
21103 5029
11827 2994
27026 15164
23025 4975
11505 4267
22921 13472
6208 1490
24369 23025
27978 22921
22921 17389
30023 27867
11505 4361
21103 3938
29226 7386
25690 14140
21193 18114
7416 2381
15381 14047
8726 4267
7045 3851
10821 8726
23614 12026
12564 953
3418 2434
12563 11505
29286 10917
14047 4260
12436 11505
2432 1843
7631 6642
15776 9227
27100 16369
25745 23025
3509 1511
2108 2035
18153 14759
24365 14312
12790 11184
23720 21085
30023 11184
12000 8538
2432 1318
29319 11505
25094 23367
23367 7582
28845 12000
14312 11505
21193 5338
23025 20339
26875 9253
25335 24478
29078 5999
19698 2346
24608 20482
2892 1266
29226 22921
24076 17099
22047 5338
27102 8621
27681 11741
29286 7416
17179 4902
28845 26875
23115 21193
15155 5293
28016 6642
23025 2035
19798 5057
16443 11505
9227 1490
23748 11505
21362 8264
18486 12026
22531 5053
26592 12790
7069 5399
19798 16819
14210 2434
28691 14047
7478 6323
26516 953
6208 2994
7478 7045
9501 8726
15420 2994
30023 28845
18632 15164
27681 7045
11184 10821
27204 22921
27210 25795
30023 7045
22047 13472
28204 1490
17644 3083
2799 1155
21362 4975
12000 8370
25510 4361
27530 1014
24608 21085
25084 11505
23025 1505
28872 25800
24478 14759
29226 2121
28394 11505
11591 9157
28872 24241
27100 8610
20018 11505
8201 1490
28872 21755
14759 12417
29226 3184
20536 4728
20018 17519
20536 10394
28386 18283
23025 21193
16453 2121
23367 2799
15420 7478
23025 5057
25800 14047
20536 20502
20502 8201
28611 5999
24608 24365
27681 2994
28175 15164
7478 3418
27501 3418
21085 2994
14759 8098
20339 5048
22047 12708
24134 24076
27026 8050
29226 24134
7751 4357
20958 1146
25800 5932
23025 17376
29226 3449
5338 3040
15155 10168
2994 1038
25800 6451
6642 3510
25861 5048
22921 17732
13461 2381
29319 17179
4357 3040
21035 13053
9805 3291
15588 2121
16369 15381
17099 9409
24365 4113
23295 17946
21215 7478
15420 1490
3184 1490
28394 574
9805 2799
28845 12708
14312 13461
18441 1490
27681 27388
25720 8176
21035 8726
21010 12533
22921 6165
16369 11265
16742 7582
27388 15381
27026 20739
19798 14747
15381 9151
24134 3184
8423 2994
22047 21362
27100 16453
19698 9409
25758 3934
21103 14759
28872 28611
25310 22921
8285 5053
16561 14759
27711 25094
28845 2021
14363 10531
24814 953
9738 5057
25335 8481
14759 6642
19132 15164
13472 10687
1674 1515
27153 15588
10531 6208
13531 11505
28611 23025
24220 11505
17179 8050
28872 8164
2994 1318
21063 1490
10317 5293
24076 20576
27388 4357
29078 4421
16369 13472
23025 17099
27681 1490
25263 5293
15164 13814
4267 2434
21452 1490
6208 953
23384 6251
20536 13633
5493 574
23025 8176
8726 1014
18159 3851
25800 14140
22921 9151
23250 3968
28879 27026
29226 12000
5338 5048
27867 5338
9501 3438
27100 20536
25387 20536
8176 2010
28568 15164
23367 20181
11093 2994
21890 2799
29122 11505
20536 16624
21305 15164
22047 2278
21170 4728
19798 2994
11184 4728
28845 9227
9151 8423
28879 4868
24076 1181
25800 6642
25894 15164
28498 2434
11505 10168
13461 5338
18396 9805
2434 1490
6208 1262
27100 21035
12436 2799
16561 14047
24478 11184
11184 1225
21085 18283
24076 16443
8726 4488
20339 574
7666 7582
13954 13461
12708 8610
24478 2453
11591 10917
28845 20536
28016 11505
28872 16443
15420 4113
20339 13472
19985 1051
20778 7666
13472 11505
28845 11655
15776 15164
11505 190
28691 5293
11184 1756
11505 1505
28845 11505
12564 4241
20739 15164
20536 15588
28394 5048
27228 8621
13461 3184
23295 13814
8176 5377
25084 2994
1155 953
16453 14759
27026 5029
6165 953
28872 26296
23720 14835
26592 14047
25690 18632
30023 22921
24478 4529
27501 2729
22782 6027
24241 14210
26678 14759
13105 12417
17309 12564
28879 24220
29286 11505
21094 17099
21755 4988
9738 4267
24478 22179
27056 8726
6642 5322
23025 10186
29926 2799
27388 21085
6251 1014
25084 21103
22921 21755
18441 5999
27026 484
10994 9805
27501 20958
16369 6642
26837 5048
21648 17099
20536 13947
28845 20198
9227 7478
27100 2121
14759 2994
19698 8621
19598 15786
14835 5057
23115 2994
29226 17946
25800 1086
27100 2926
25800 12708
27674 8621
27689 1490
28879 9013
27102 1490
27102 4260
27388 24234
15786 13472
27388 23931
18149 9872
18283 8610
21035 8938
27056 11184
17000 5999
30023 8693
30023 16882
18886 5356
5057 953
16369 13531
27153 22921
17376 7386
10148 4538
23025 3083
10994 5048
7045 1051
26875 1490
28691 4975
19132 4995
11505 2278
27388 16542
17732 11505
13227 11505
21890 8389
22921 14312
29226 15164
25800 3968
20536 15703
13461 8610
4852 2994
22267 9501
27056 4357
11505 6632
18238 15164
21964 2434
20536 1490
25795 4357
23367 5338
11036 1490
20339 16542
14835 13472
28204 5293
30023 9765
15588 8176
21035 6382
18104 5293
22047 8389
29926 21901
13954 12308
5048 4260
25387 9872
24365 19132
23025 1674
25800 8726
22106 11505
29033 27204
28016 22531
13125 8999
28394 22921
5048 3969
25387 9151
28138 27388
12000 9151
6642 2278
20339 15776
30023 9738
30023 16542
11505 1820
29226 6208
17258 10148
12313 1843
6165 2994
15588 11093
7864 1490
20536 10426
25084 15155
15117 7478
9738 2434
21362 18104
21215 21193
5654 5293
25800 10394
10687 2021
9151 1266
29226 23295
21085 6642
10917 6208
28394 22782
16937 12479
29122 12790
17309 8176
16624 13472
10148 1490
14759 12436
30023 5048
15588 1058
7576 7416
21370 16369
15164 8481
22388 3291
21193 8164
7478 930
23025 18238
22106 2381
12308 1014
27388 21964
24496 14759
18149 5048
23025 7416
23367 10917
23025 9805
8481 3572
17376 15776
29286 17654
22177 17519
29226 6848
27204 9151
21964 7478
9872 393
10917 8702
13811 10994
9872 1756
26875 7478
15588 11591
5338 5057
16443 5057
25800 21035
15381 6027
27204 18441
20018 6251
13461 12708
24365 13472
28016 21193
22921 4260
21193 5890
20536 12531
8726 393
23367 11503
14951 6208
28879 12507
26592 4975
25690 9151
22921 21890
21085 11505
22921 9805
28872 7918
13814 2994
29808 25387
11503 4267
27867 9956
19994 11184
8201 3083
6027 2994
24608 18240
21362 8726
28872 16691
23367 5999
22839 8681
27026 3016
8389 4267
23025 7918
24478 5890
3418 2994
8726 5356
4357 1562
22921 12790
16706 1490
20018 14041
28691 7045
8368 936
7666 1505
11184 9409
16008 953
24608 9151
28879 2421
20536 15117
18441 5932
13811 4942
17946 1511
9872 2994
30023 29814
23295 21232
17633 1490
8423 5654
12000 5999
9151 8681
26923 23367
24076 21305
20339 5338
25937 25084
28138 7045
14047 3083
12436 3291
29078 20536
12026 1490
19985 5048
28845 10687
26887 4942
28872 27100
3334 73
5338 4260
27867 7582
14140 8389
29814 15776
5048 3184
28872 10584
13472 9151
27501 5999
12000 2994
9872 2121
21966 13472
9227 5999
21085 6208
21193 3184
8681 7478
3184 393
27681 20339
11505 8621
24478 9805
30023 11036
25084 5654
25795 13719
23931 4260
18114 3334
8726 8621
8621 3184
20536 8538
9253 2010
25387 7478
14759 12026
24814 7386
17099 16022
15164 7918
23025 1515
11505 953
4868 2434
5293 2346
28611 1490
9227 8389
20018 2021
23367 7576
13472 1562
11655 2381
24369 9151
7582 967
22921 20536
25084 393
22438 2434
27305 20536
29286 3572
8052 6642
12564 11184
28349 22531
15703 12000
21193 9538
22047 21964
14312 7416
17946 3418
14759 5999
10917 6642
29033 18104
27102 24134
28611 7478
23367 6208
17654 9151
20605 13472
26715 23025
6318 1155
4357 763
29122 14041
10976 7416
20536 16022
28879 5338
27689 23025
28016 7478
29286 28394
18632 5654
24478 4260
15164 7416
28845 27681
11505 4728
27681 20536
26516 1490
27100 10917
22839 20536
8176 2346
21215 6775
27026 6208
13719 7864
16706 8726
8264 3510
5057 2108
27689 6642
27501 9151
20536 19798
19698 7478
9872 953
20035 11184
21085 18865
11505 5322
29226 4260
16369 5620
14210 7582
24478 9151
5620 2434
29286 3510
26516 21193
16008 5999
7045 5493
4433 2021
29033 8176
15381 5999
12689 7416
20339 7045
25937 23025
22921 1562
18396 14047
13461 13227
22438 13472
8538 2994
23295 15588
5493 3851
25937 21966
4361 2121
13461 9151
22451 21035
23367 3040
28879 10994
12760 12308
20536 2021
25690 23367
24496 24365
14418 7174
15760 8621
22839 19698
27388 18318
13531 10531
28872 27501
24220 6318
21063 20536
20536 6208
23367 19985
23367 7478
10917 7582
15155 6642
29226 15776
7582 6642
23614 12708
24478 1051
24478 17376
28768 8481
27305 20416
20536 2381
23384 4361
20339 17633
22460 12308
21362 5493
22047 9151
12708 930
30023 29078
21085 9738
21085 11503
23025 4267
24494 23025
28872 6251
29226 14210
4296 1490
26516 5293
6775 4868
6642 930
26679 7620
1674 1155
24608 5338
17099 13461
29814 12308
9151 6775
28349 28016
13954 1490
4357 2994
12000 2434
28016 7864
21193 5493
20536 5286
24478 20536
11505 1515
27210 20851
24365 21103
27711 6642
25387 6775
22921 4267
29286 15155
6718 1225
11505 3851
20536 4483
20482 5338
9151 6208
2994 1843
26443 20536
28845 2121
27501 17000
15588 3184
26974 6642
7045 4433
22782 8176
11505 2892
27388 1490
17000 16542
17978 7416
29078 22921
26650 967
17000 1490
14951 4995
26842 9872
28283 18396
27940 15155
7799 2926
18865 1181
5999 953
13472 4267
17502 484
14951 13719
29286 18149
29814 14759
6208 4538
19984 13472
10311 3334
20665 11184
22921 19985
15164 1181
17099 16369
26516 9738
28845 15611
4260 2278
6208 1756
23115 12308
23931 17376
28845 25720
11887 930
21085 953
27501 22921
22782 4357
28872 8538
15290 190
8176 2994
6879 1490
2035 1674
25387 5999
17948 16369
29226 8610
21193 11505
14140 12760
24478 23025
16443 13461
28845 16008
21103 1756
22388 20536
20536 4267
15550 1490
22921 22438
17389 13461
22921 20018
20576 2994
27026 21063
9409 5932
18444 14759
28175 13811
20576 19798
13227 12308
26516 4421
25429 20536
29226 1014
20536 936
23025 20778
9872 8742
23614 12308
20018 9956
20536 190
15776 1505
18114 13472
8726 8610
21103 1225
27388 574
30023 7386
30023 29226
10457 536
9872 7045
30023 17099
27204 21193
28872 27132
22782 1155
21103 15155
14898 13531
18114 18104
26875 9738
10457 2799
29226 27689
8610 6642
17948 17179
21193 15164
12689 1490
21193 4488
24608 7045
28611 22921
10186 9157
11505 11040
23025 11827
16759 8176
29924 22921
29286 12026
30023 17732
27204 26296
15164 7386
28845 27711
19985 1997
15738 1014
16453 8726
30023 5999
8176 2278
19719 936
26516 20339
26974 22839
19132 8726
24814 24478
13954 8423
24039 3184
29814 15164
19985 1490
3510 953
27026 1820
21085 1266
19398 1490
29808 15164
14140 6165
14140 1490
10541 8726
27687 15117
8726 4728
25387 13461
29286 8389
24478 1490
23367 12436
25861 16542
26715 9956
17929 16780
8370 3418
18632 6165
3600 1505
9738 9151
18396 936
5493 3040
25084 6208
12790 5293
28872 22839
24134 5338
25937 17948
27978 21085
27102 5048
20778 14140
15776 7069
22460 13461
24021 20576
28016 18441
21085 2434
15588 9501
20018 16443
20339 12689
28175 25745
28394 16369
28386 17978
24478 17864
21085 6165
12073 5620
8176 953
22534 5048
17099 12308
28611 9151
2994 574
13461 936
9738 1181
21193 14835
14759 5932
29033 27210
9956 6642
23025 11233
27501 1490
28845 1674
18441 9227
18283 13461
29774 8370
29226 1505
22921 1843
10186 1490
22179 14951
28611 24241
3291 3040
23367 17000
29286 16872
28016 10186
27388 930
28879 4728
20958 5057
18396 4995
24934 22267
11591 5293
22839 6879
22438 7478
7045 5755
20018 7582
24478 20339
28204 8999
9409 3184
11505 5057
21966 5912
7478 2892
18283 7416
6775 1181
20974 9738
11505 4529
13472 2021
15786 7478
28845 15164
5882 1181
11184 8285
16691 930
27388 12508
10917 9151
22921 21103
20198 19984
11184 5053
9157 4267
22438 15164
11655 3418
12308 5654
25800 22921
29319 8726
24134 1490
26875 13954
22438 10246
21103 13125
14140 9812
29489 27388
13954 6165
22438 1155
12708 9151
6642 5999
22921 11093
22921 190
12533 8610
15381 7386
26875 23367
27501 22438
30023 5293
25800 12308
27674 3510
25094 3938
29226 1181
6879 3184
29286 13461
12308 6165
23115 5293
22839 5048
28386 3510
20536 12533
18782 12531
21035 5932
20536 19985
5053 1505
21193 12689
29319 20339
8050 5896
12790 3499
25758 11505
10821 1490
3438 3225
22531 6642
21193 7576
29226 8726
23115 14835
27711 21085
15164 14951
25800 10917
23025 14835
27501 16443
8681 8370
9738 5293
7582 936
23025 3510
29926 5048
28016 7416
14047 4363
16369 10531
29814 2994
16369 12479
20536 12436
21964 21755
30206 21085
28016 8176
8201 4645
26592 21362
21393 14047
19622 14047
24608 20339
19698 16453
9151 3938
27501 25387
26296 24608
12073 11505
27026 4267
15776 12436
6251 4357
7045 4267
29926 15550
7582 5338
6775 5890
13472 6208
27210 25335
19719 9872
30023 17519
25387 17000
18283 15164
7478 2278
21010 8201
21193 8938
21890 5493
5293 393
15164 8621
24608 22921
22534 2434
19985 15164
6642 5286
7582 1225
18441 7045
28175 21094
28845 23367
25800 930
8481 1490
6323 4421
24241 3418
11516 5057
28872 23025
28872 19719
20536 16561
12708 12026
18865 7478
11184 10191
19398 13472
11505 7045
23931 22047
20536 13244
21964 8389
19798 17099
2799 190
1490 1225
29078 1181
25800 5493
20018 936
25800 19798
12000 1490
21452 6642
15164 9227
27388 1820
27228 16542
25387 21362
22047 20502
11518 2892
8726 2957
25387 8681
27204 22388
21452 15776
28879 18159
23115 8176
27100 3509
20536 16742
29286 574
8621 4357
10917 8726
28872 2021
12417 9872
28016 26875
22921 2994
10168 8726
25168 21063
8389 8176
21193 9409
27100 9501
21035 6642
24076 6775
20536 1824
21193 19985
4868 2421
24608 24029
22438 1674
26679 20536
5620 2994
23748 11655
21215 9151
16369 11184
24365 22047
29226 14898
20339 11505
18153 536
21232 17946
20974 13472
29924 20536
27388 18632
9151 3851
26875 25800
17654 8681
21964 2994
20536 5932
24241 1505
30023 15786
24608 22388
25510 6251
2994 2799
18114 9538
28872 28276
25800 13053
11265 8176
16443 4722
25310 2434
27388 24540
28845 2799
21193 13954
16443 8285
17099 15776
10976 4357
25690 8176
29319 21215
23720 11505
5029 3437
13227 4267
12708 8481
20536 10994
6676 5293
19731 11679
13954 936
10976 7307
23115 6165
9151 5293
28845 22179
9501 4361
28879 7684
12308 5999
12533 10191
18396 5053
16542 5338
29286 16624
5048 466
22921 8201
20536 10191
23931 13719
9227 4267
27204 21103
10520 8761
29226 21755
8481 6392
28872 7582
22921 2278
24478 7386
17376 11505
28845 9872
23025 12512
20339 8176
20536 8726
29286 14140
24478 18396
15117 9611
29286 28845
27100 9385
14747 930
21215 9872
20018 7925
22921 10994
29226 27940
21094 20181
12760 10917
17389 2381
8702 4852
29286 18238
20958 15588
26516 25745
29814 27681
29226 23911
8481 4988
28016 953
29286 1490
9151 3418
25800 4113
15776 14759
26715 5338
21755 1490
17099 14759
9151 3184
28611 27388
4942 3851
22438 9151
26679 11854
28845 953
4722 2381
7751 3040
12000 7478
28879 13125
22800 17776
22047 18441
16008 1490
28611 21085
27388 7478
17978 1490
13719 5216
25800 8481
24076 19985
17309 5493
27681 4267
11505 7225
7645 1490
7582 7478
24478 11505
25084 24365
25800 20482
25745 23108
30023 5053
12479 2994
28204 6579
19698 14759
21362 20018
24076 3291
23367 18632
5216 1490
22388 9805
24205 1490
7576 7386
30023 18114
7478 190
21063 2434
23025 5999
29286 28276
24369 4361
29226 10917
23931 22921
14140 12308
29774 25387
30064 25914
6208 1155
6208 3438
28872 12308
25690 15164
12308 5338
8176 2434
11184 9253
25800 7582
13472 7386
28016 9253
23367 9805
27228 15776
24478 24449
28845 17978
24188 16624
13461 1225
19985 2434
1490 930
28845 14951
22921 14418
29286 936
28872 11505
14363 9738
18632 12308
17099 5293
28386 930
28879 16369
11505 1132
30023 12790
23931 1038
30023 29286
15381 10584
18201 1490
18114 13811
23115 5493
24478 8761
15776 7478
1515 1155
9805 8176
22921 7478
16780 8176
30023 22438
28964 21103
22531 9253
19985 8693
27026 11505
18865 16369
18201 13472
24871 15164
20717 3083
20576 6811
21193 13053
27204 7576
7416 2121
23748 15703
20717 18104
16561 13472
11516 11061
5890 1181
13954 2994
12308 7582
26679 3083
16453 5932
23367 18238
9151 4113
17946 536
29808 8726
21094 16561
12563 7386
23367 22921
26516 9501
13472 5338
29319 5338
7069 1490
27204 20536
19985 16561
26592 20536
21193 15550
28394 936
24478 21648
12308 10148
23367 8423
8481 763
11505 8610
20536 5999
4421 3438
25310 2799
21362 11184
20536 16369
9157 1490
1843 936
25758 6642
15164 2346
15588 6024
20416 2021
9151 7416
3418 1014
22839 1086
22438 2994
25387 10917
23367 5057
16691 1490
5999 4902
13472 5057
14140 8423
28349 5999
26581 7582
27674 5293
3438 466
13472 8423
5999 1756
11093 3510
4988 2799
29286 5493
22921 14759
21964 9812
24076 15164
24478 19985
11040 2035
7478 5356
28872 20339
29774 17654
25745 5293
21215 15164
26678 2346
26974 1262
5278 3438
7386 953
15446 4852
14759 5654
29226 5890
28872 7799
8176 393
27388 22531
2035 1490
25745 15381
21010 2799
25800 4267
27204 8176
15703 9151
18444 15117
21193 10531
24076 19062
22921 15947
22047 15164
4868 3499
25800 21193
17946 6642
17179 15776
9501 536
14759 5493
28879 8050
24478 4267
28204 22438
24134 9872
28845 8538
25800 8389
15588 8726
29286 23025
28872 3968
11184 9157
7416 1490
17732 14759
22636 3572
2434 953
12531 2723
9738 6642
26939 1014
29319 7478
25800 22438
23367 21393
27689 17000
25800 25758
6811 5057
3851 1058
19985 13472
29033 22438
14041 8999
28872 24478
25387 17654
27388 6642
3600 3438
21759 10821
29033 25310
9253 3851
11505 2799
30064 10917
28204 13472
5322 1938
15164 751
21964 21085
25745 11505
29319 17099
20018 4361
19132 16369
28175 8176
16536 5053
13719 7576
14140 9872
10311 9227
24369 9738
29286 5896
14759 14047
29286 27100
8538 3510
27026 21193
12436 1490
5999 2799
18104 14047
7576 5932
20536 3184
6318 4357
28879 8285
14759 3510
28879 21362
13461 10311
19985 2994
7478 3851
27689 15155
23250 21035
7045 574
25800 20339
21010 5586
26923 24478
21193 2994
25720 11505
28845 26516
26923 9151
23367 14835
9227 4694
17099 1688
7666 7478
23025 10541
11505 1181
27204 4267
18823 7864
27388 7925
15588 1562
19378 16542
17099 9872
21085 16008
28845 9151
23025 4529
12689 953
27026 25800
18283 11505
22438 4267
28872 6811
24478 6775
27388 17099
21193 18865
19798 16369
20536 5053
15164 10394
27388 13461
8693 5620
28872 8726
25690 23115
25800 15776
18114 13679
27404 8693
4267 3016
20536 18782
14140 4357
3600 2121
25795 9227
9151 4267
6208 4421
20536 1181
17099 9611
28260 20018
9151 5057
11505 4694
25800 24478
27204 25800
28395 936
16369 5048
18114 9805
20536 8264
13125 4357
15164 5620
6642 4267
28016 9738
14047 2432
19698 9501
16624 1490
22839 16369
5048 3291
7045 2799
13811 8538
2729 1155
27100 15588
20536 17732
16369 3291
24076 11516
9409 2121
25348 11886
20605 16542
28016 27204
20958 1674
21193 7582
19821 7045
19132 5048
16742 7751
13053 9738
21362 20717
21452 14047
16369 5493
25800 23295
18114 14951
8538 3334
29286 19719
21964 20778
24478 2994
20536 2346
12308 9151
29286 21085
23025 21362
25690 23025
21901 15550
26650 11184
23295 15164
29226 25387
21215 1490
25758 22059
26592 3449
25800 20536
15381 7045
15776 3418
23748 11184
25800 16369
28204 20018
13531 3083
7386 4267
6879 3418
8621 3083
20605 15164
3467 1490
24234 1490
27940 1490
15776 5029
10148 3510
9151 8761
6642 2010
28204 9151
18240 11505
9151 7386
21085 13472
24489 13044
29226 28611
23025 21964
28349 7582
9151 8176
25800 7645
22438 7386
28872 24076
21890 11505
29226 6775
22921 2434
28276 20536
7416 930
20536 5722
9872 3184
20536 11516
21964 14210
15164 5029
11503 9151
7478 4694
12000 5890
20536 7893
25335 21193
24478 18104
25084 15550
17946 11591
18104 7918
26881 9738
15446 2994
21193 5048
29774 17000
13472 13227
15550 393
20778 2434
23025 21755
20536 13603
9738 4538
4433 2799
24871 936
22534 4868
21103 15164
8693 4529
20416 1490
15164 8176
8264 8201
26842 6676
26875 9151
21103 5620
26923 3449
23748 17000
21035 13472
6165 5654
6165 4267
14759 11184
25387 24365
24478 9872
9501 4421
11467 7416
17389 11505
22839 13531
26875 23025
2421 2021
30020 29286
29122 13719
23025 21035
24478 3184
11591 6208
3572 3499
28016 13954
29286 19132
23025 11883
14418 11505
8176 6165
14140 8621
12308 10413
23115 5654
28845 23025
27501 8538
30023 7599
29223 17732
11505 6208
24608 11505
10896 930
28423 25745
8726 7478
16369 2434
8176 7666
18114 2994
21035 19984
14210 3418
22531 10976
14951 5293
27501 17654
22047 8176
14759 5896
28691 7582
24369 21193
25800 24076
17732 16443
8726 4361
20339 6165
15588 11505
11184 6775
22839 15776
17502 1843
15611 2021
26875 2010
23367 16542
23730 3083
21393 8621
27132 13232
22921 5048
21193 13461
14363 13472
18411 1490
27388 5999
27388 7666
5293 3083
25335 7478
13954 4267
29286 23115
24134 4260
8610 3851
5620 1490
8423 6165
28016 4267
24076 13461
28175 5048
7576 930
10917 574
12417 8726
27501 23025
29033 7918
8538 7582
8285 73
12308 5057
27026 22935
27026 17633
25335 24365
21232 1490
15760 763
20181 11505
8176 8164
27153 1155
9501 1086
16691 11505
29286 15703
11505 4902
25800 23614
19994 9253
21103 8176
29226 18104
24076 11883
26678 17099
24365 8176
24934 3438
28386 19173
26516 18104
22388 9151
25800 4361
23025 1146
28845 1490
12533 1490
21085 19173
26939 21305
8538 4357
27978 1756
15776 4185
4267 574
25335 7918
27100 7978
7045 5999
14759 3499
17000 5048
6879 6208
7599 5053
24478 6208
17099 1181
26875 21193
24369 8176
29226 5293
5048 1843
15164 1505
18238 7045
17654 8370
18441 4260
10896 9738
21103 18865
20536 19132
27228 20739
18632 8176
21085 5890
9151 5890
21587 19994
28872 12000
20502 5882
4357 3225
11505 7478
8627 5293
7069 2799
16986 3291
26592 23025
7582 5048
7582 1266
8423 3083
4361 3184
14210 9812
18396 15381
25894 19622
19985 2432
20739 15776
21362 14047
11505 3291
10821 1225
29926 10457
20198 10687
21362 536
18396 6642
2035 1562
27026 14109
19798 13461
15703 8681
25387 5890
27100 14759
20339 4361
7864 5053
28879 20974
17179 9611
11184 2799
8370 5999
4488 484
7045 3184
12417 7582
14140 7666
30206 4694
28611 7582
17179 3083
21193 9501
28386 10917
20339 11184
24134 15164
15611 2994
16369 11516
24478 7918
24478 21010
8389 1490
15776 6165
25094 1490
27100 574
16691 13461
26650 9409
9872 1181
27026 8176
16008 7478
27501 16369
22921 17179
28691 26592
22059 15164
13294 8538
11184 6318
13472 5048
27711 2799
16369 7478
21305 1014
30023 1146
21170 7069
21755 21085
13719 6811
29286 18104
11505 4538
29286 14747
18396 7045
15164 5999
27501 12308
12689 10413
28276 14759
19622 4357
4260 1490
28138 11505
23367 17376
28845 5999
28879 9738
30023 23748
3600 2528
9872 8610
20536 5048
24076 5890
11184 1511
6024 1688
23367 18201
21103 19798
19984 7478
28879 967
17654 12000
26382 2035
14951 6306
27228 15164
14140 7582
20576 20536
13227 9151
21063 4267
17948 9611
14363 2994
15164 9738
16453 1490
20739 11505
15550 5278
28690 23025
22782 14047
28879 9409
22921 14047
23748 21085
5654 5338
18318 6642
7849 3968
2021 1661
6642 4694
6451 2994
23911 7045
9805 9151
30023 26592
29226 8389
24760 15164
25310 574
25387 1181
21193 12708
18104 1490
27388 2799
29226 9151
8423 4975
16742 8681
15164 8538
10311 2994
27026 22438
9501 9151
2010 1490
24608 20536
27026 2121
24365 19846
29226 5048
5053 3572
10168 4361
13472 12308
23367 953
23367 10186
23025 9956
21215 16542
28394 9227
22106 16443
13461 4722
24365 2381
5999 2994
17633 5999
14835 953
24608 10394
18238 11505
13053 6579
21235 11505
28964 10584
29286 12533
29926 1155
28016 1490
28175 14898
9151 8098
9872 5999
5338 953
9805 5216
5053 3083
24478 953
21964 11505
25084 5278
7645 5356
26516 20536
25387 15164
6775 1490
21085 5586
29286 3499
1820 1490
27894 18238
23748 6642
14041 11505
20339 1070
8693 1843
24478 14047
27681 8176
17000 9538
28175 11505
25387 4260
21452 13719
16453 10168
9409 4361
27153 20958
27711 21964
7416 7307
9157 3083
28845 3851
29286 12436
20851 7045
22388 9738
22388 190
21103 4357
2035 393
28016 23931
24076 3184
27501 11040
23367 13954
29226 10168
23367 20605
6642 3291
29924 16788
5057 1843
26443 13120
26875 13461
16443 14312
14759 9805
19985 5999
21085 14835
13531 4267
8098 6642
21648 19985
30206 8389
11184 7307
14951 4267
24365 22921
28872 18240
14759 4235
17376 11093
28175 7386
28016 15164
25094 7582
21964 6642
11505 10186
29226 28175
1490 1181
15164 4538
22047 7864
10917 3510
15164 6027
15164 14210
28175 27210
21193 12308
21964 7174
27501 25745
10531 7478
12563 9227
22800 15776
14759 930
23931 7386
17978 5999
4988 4357
21393 16369
27388 13954
23367 7416
12436 9151
8176 3291
26974 16759
10994 10917
14047 2434
24814 23931
17732 1511
29286 5048
6392 1490
23025 18201
21362 9385
18441 7864
16542 11505
27501 12000
20536 17099
24241 9812
24241 11505
5029 3572
12708 5493
23025 20198
22199 8416
7582 2021
17099 5048
19132 13461
20717 5293
22782 574
20536 8610
15786 11505
10994 3184
6775 2434
6392 6208
23931 17179
8621 5293
17099 9151
23748 1490
8726 936
27388 24608
29286 22782
7045 5620
27388 2010
10168 3184
9253 4267
16369 4694
28879 2121
16022 11505
28394 9151
27026 5053
28879 8389
24608 7864
25310 8176
17099 12026
22267 5293
22120 936
26516 11505
29226 20536
2381 1490
26679 13699
28872 10148
29814 1490
23295 11591
20339 5683
27388 27100
29286 10168
23108 13472
30023 20785
28879 3851
24449 5048
19798 9409
19622 12313
25084 6392
25800 13461
3510 1155
18104 17000
25263 11505
5999 2434
8726 6451
26875 15776
8264 4267
29926 16742
20605 17000
23367 17732
22388 7045
23025 2799
30023 3851
20851 5620
9409 1843
29290 8481
28845 2729
9501 7478
15588 6027
20536 13120
22839 14759
11184 10917
28768 8610
27026 8481
5338 3184
29286 9805
20536 15776
21035 1490
18114 10311
28611 19994
27204 26234
23614 11505
17946 5053
30023 30020
23367 15947
24024 5048
23367 15164
28879 8621
20851 8693
27978 11184
8389 574
19994 3499
29286 15588
5493 5048
26516 6642
28349 13120
29122 5048
26382 6392
23025 2994
24369 12689
28283 21103
25387 23931
28879 1225
6842 5048
15164 4267
12000 3418
29926 6318
19798 8176
28691 20717
20536 14951
11505 3083
11655 8370
7684 4728
13461 2799
17099 6811
24496 13461
20778 7582
23025 2729
24871 1843
23384 22921
19270 11591
21170 7416
7416 3418
2994 2453
27204 23025
11505 4722
19132 5999
17000 5053
22921 13461
7416 3184
25094 24540
20536 5057
29286 17946
21085 5338
6642 3968
28395 7416
8176 5048
20536 12308
28175 5029
25387 3184
20536 11827
5048 393
28872 24449
28016 3040
20958 2729
20536 2799
9738 7045
25720 21085
24021 2994
21103 15776
19132 3499
20035 8285
29226 28691
15776 12308
22782 3184
24076 11061
17946 9501
28386 11184
29319 25387
13472 1490
5048 4267
19698 7045
8370 7478
26875 16691
11505 4357
19132 15776
9738 2723
23367 9872
8726 2994
28872 9501
29924 23367
28872 13053
23610 13472
5048 190
22438 11040
9151 953
28845 2010
24540 9151
24478 9253
21232 20536
22839 18201
9409 7045
20576 11061
14418 8389
9151 7849
7582 4988
3510 3280
8986 5293
9151 6152
6775 6642
20536 8761
25084 11093
6208 3083
15588 1843
25310 11505
25914 19398
8610 5338
28845 9409
15738 4722
25690 5057
26881 20339
19070 11505
13472 6392
21964 1756
21193 16691
28175 17099
29814 28872
21010 8417
14759 393
22921 7416
17000 15164
21755 6165
17179 15164
25720 13461
19985 7045
25800 24449
21215 11184
19598 8417
14759 4267
29078 6392
25690 13227
28394 3040
20536 8580
25800 24608
28498 27026
29122 28204
11886 8610
17376 9409
28016 25861
7416 6412
21362 3083
5932 4361
15420 4694
25387 11655
25800 7864
4623 1132
22921 15164
14759 1511
6642 5029
23367 7666
9501 3184
23614 1155
28872 9872
10917 8370
6251 2994
12436 6642
13472 2035
14411 4988
22782 15290
12689 2799
12708 11509
29122 28175
25387 3969
20536 6775
11505 10821
16443 11655
21085 16542
8761 4260
18104 4267
29286 27687
9227 3499
8176 7045
27867 12790
4260 1051
22921 1688
14140 11505
16443 6811
20035 10311
17376 953
9151 7045
28872 21362
10311 190
8538 4260
13105 5999
11184 4357
26875 5999
13105 930
8742 7478
23295 6451
21103 5293
23931 2994
5356 3734
17099 1146
23367 1266
20536 17519
27530 15738
29895 29286
14047 3438
19994 1490
14047 936
29226 27026
10917 8538
2035 1262
29286 27026
12417 6451
2994 1155
20536 13531
19798 936
25914 12000
25387 12000
27501 8681
19961 8761
24076 23729
17099 7582
17099 4260
16369 2799
29814 6642
7069 4852
17099 1051
13719 10394
29286 21010
23367 5053
18441 11505
6775 5048
20778 5999
2434 2346
21362 19398
16453 9409
21103 6451
23025 4361
15164 4260
5932 1490
9805 5620
5493 5338
28349 7645
24934 4421
23025 2381
16369 2994
14951 3083
20536 4357
9409 1086
22177 11184
24365 7582
26939 21193
20958 13719
19984 1490
21193 9872
21103 5654
26592 17099
8176 6152
23931 1490
21193 21085
24478 23931
26516 2994
28872 18149
10821 4357
22531 13461
8176 2799
9872 5890
13227 8423
28016 26516
25479 15164
29226 5030
12417 7478
24365 20536
17179 6208
11505 3968
20018 15611
27501 1515
5620 4113
21056 2108
20717 8423
20416 7582
22106 17389
24134 17099
13461 4260
23359 20665
15164 10186
23931 7864
27305 19398
16008 7582
23025 9157
3499 1515
6251 2021
28175 936
25310 8416
19737 14759
20339 17099
20018 4357
11505 2453
28394 8176
20339 9805
21035 1511
9227 5048
22047 18283
20974 15164
28872 17099
28879 18201
29226 7478
7386 5493
13125 11184
7599 1505
29078 5586
24134 20339
24220 18396
8416 1181
9738 3418
15164 14047
17376 574
21085 11184
28016 5882
28879 13461
21103 2434
24241 23025
11679 1058
28394 23025
1756 1490
23025 3291
29226 3438
24076 1155
11505 7666
7864 7849
29286 23367
27228 11505
7045 5293
13227 5057
19961 10520
20536 6811
29226 9872
11655 4722
21094 11505
14140 7478
20018 10311
28879 20536
19070 11184
28386 7416
3184 2381
13125 8726
29286 27501
26875 5057
27388 1181
7849 1490
21362 17946
28204 11505
22438 953
22438 6165
15164 5057
30023 7521
10148 8742
25094 21085
28879 26650
22059 7069
20536 13461
21966 6879
22921 22106
28016 20339
29226 21964
16834 1843
24369 2994
20536 6842
18396 13472
9738 3083
23367 190
15776 13461
22921 9812
3083 1756
18201 3184
27501 17258
30023 13472
24478 21193
13679 8621
10531 8621
12436 8176
8538 1490
21193 5057
14759 3184
16369 14898
21035 16453
24871 3291
13472 4260
17000 8370
27388 9872
27100 21085
23025 18632
16022 12436
28872 15588
6642 5278
28016 9157
20536 12689
18444 4868
24365 22438
14759 12708
28768 11886
28175 15381
11835 4260
29286 23614
25745 21362
9151 5932
12308 8176
27056 9738
27210 25310
6208 4267
10168 9151
28016 20502
21452 18318
30023 20536
25758 4694
27681 9151
15080 4728
8761 4267
2035 1155
25387 11505
11233 1146
22177 3510
16788 9151
28872 21085
17929 14759
27026 13120
9805 5293
25084 19132
27674 14759
13472 9738
8726 5053
22451 936
25800 17309
23025 17179
21305 8938
24540 14835
11184 3184
16834 15164
28845 24478
9385 1515
12760 1490
21035 18444
13105 2799
28175 20536
24076 7599
23025 2434
21193 20339
24478 10994
30023 4538
11184 5890
13836 11591
2994 73
28872 9812
21010 8176
12308 7478
7666 3418
28768 15164
27501 3510
21362 1490
14047 6165
13679 4538
22921 18396
9151 2434
27204 23367
19398 11184
8176 3016
19985 2021
25800 8176
18201 14759
28175 20739
27204 13111
30023 28872
21648 8176
28964 11505
9805 5586
13227 8176
6676 3851
2994 2021
29926 1490
4357 936
21393 5048
23025 1266
24076 21193
7386 6642
22047 9409
8370 4113
22921 2035
28872 3418
23108 8726
24814 11505
13111 9227
21232 6208
15446 2432
18201 9151
16369 7045
20018 14494
13954 8176
28016 2278
22921 8726
8176 5932
26516 12564
20536 17376
18201 2994
9738 2799
18396 15776
6323 1490
21085 50
21085 5057
12689 7478
14552 6879
28872 9409
28204 953
27026 21120
21103 8923
27026 9235
21193 1688
29226 10311
17929 11505
27674 23025
25745 25720
28016 10994
12760 8481
24871 22921
24814 5493
28879 1490
13811 10531
17376 2035
28394 5493
9409 2035
9253 5322
17258 7478
26581 8538
15164 7582
15164 2799
15164 5654
21362 17376
23614 8389
11505 9765
20536 7513
27100 25800
16542 4260
9538 5048
20536 17000
29226 6676
21035 9501
24782 6318
10917 7478
27102 20536
22047 5999
20536 14759
11040 1562
18114 9765
28845 22451
19132 8416
18441 7478
9765 7416
9151 7478
13472 9805
24076 5048
29808 7576
22782 15164
25937 11505
22921 22047
30023 21193
9812 1505
17502 7582
23367 22199
16369 9157
20339 9151
13232 10584
19132 9157
11827 4260
9151 6165
23748 12533
27388 5029
27388 24024
27102 8176
19994 11505
22451 2994
4601 1490
20778 1505
17929 8176
14759 13679
12479 5029
14047 11505
16819 3225
8726 8481
11655 7478
27388 953
20018 11184
16986 8621
28204 8726
29814 27228
20536 1155
20536 11887
19731 15588
18318 2994
17389 11655
24478 19070
22839 6152
28845 10246
29286 29078
30023 27146
23503 8761
7045 2434
24076 9872
14047 12689
27153 11040
21648 15164
17258 12308
27026 3499
5293 3851
17732 8538
21085 7864
28691 8423
26516 25084
28879 15164
23748 8681
22047 17732
27100 24024
9501 6208
23367 1756
29774 1490
11505 10917
24024 22921
24039 7386
27305 8726
11505 2035
10168 9501
20339 9738
16443 11061
2799 1490
19798 11516
13472 10148
27210 19622
11505 3938
20536 7478
20576 11516
20536 9385
7478 4260
7045 2531
18104 9538
21305 13228
27772 6642
26875 3600
7576 5999
28568 930
25800 1843
29078 26679
19737 11710
30023 18104
24449 22839
6642 4260
11505 5293
23025 11655
27388 2434
25737 15776
9738 8938
21964 3418
26516 12689
6642 5493
22921 22531
29226 5999
21305 9738
28175 21890
14759 1505
21964 930
27388 24134
20018 6024
13228 11505
22782 16369
20958 11040
11505 6165
24760 11886
27204 23931
18441 7576
21085 17502
5048 2434
26875 22531
23367 7386
14759 2799
24478 6842
27026 17000
26581 22451
19173 11505
30206 20536
29286 2021
24076 2994
17179 1756
21215 5338
29319 15164
22839 7978
11505 9538
25690 14835
13461 2010
28386 15164
19719 12563
20536 3291
8176 2035
23517 17179
11184 4971
15164 4995
8702 2799
20416 3851
15164 13472
25387 7386
29122 3851
13811 4357
30023 4694
28386 12708
6165 1490
9805 3499
4113 3184
18283 11887
29286 8050
8761 4529
15611 7925
23025 4722
27026 15155
17099 5890
30023 20605
27204 11503
22177 1225
27388 9227
24076 21035
23025 20536
29033 25800
20536 20378
15776 12708
14140 763
8176 6642
7582 6775
18632 14835
9409 7386
28016 13461
10976 8538
27210 14047
28879 22839
28691 14759
20576 5057
17389 7416
26715 20018
28423 570
28845 8176
27711 3969
7582 5654
16369 13603
25690 18201
30023 22388
14759 9501
13227 5654
5338 1490
29078 17099
15164 12708
8742 1490
25094 9151
24076 23367
14140 13227
20536 9253
22921 16443
13461 9253
29122 15381
25387 5048
21452 20339
13227 936
14759 8176
20536 3225
7478 2021
22438 5999
29286 1086
27026 3572
11505 8176
23025 8761
28872 10917
22800 17099
19622 1843
4488 953
4852 1318
29078 11184
14140 9151
15164 5493
22179 8176
11655 7416
7045 6251
22531 13954
26592 5293
5620 574
22782 7478
20536 18201
7416 4357
15776 5048
13111 5999
29286 11184
6879 5493
7416 2432
7478 1266
21035 3184
22819 13472
27100 25310
25117 1505
7416 763
15164 9765
17376 6642
22921 11655
24814 6208
10994 5493
17946 8264
8285 4357
17099 8726
12308 11505
26592 18185
18396 13228
14802 13472
22047 13461
20536 6879
29286 11655
20536 2453
19798 3225
23115 8423
17946 9235
28395 22120
23367 16008
21305 21035
20536 20482
12308 10917
5048 5029
23730 5030
24134 12533
23459 10311
29286 6251
7386 574
9956 5338
18396 9151
17099 15164
27404 20851
12508 9242
16542 9151
15776 5999
20958 1155
22921 9227
8370 953
28016 2010
20339 7386
20339 15164
29078 1262
21964 14759
24760 8481
28611 9812
13679 7478
23025 13472
27204 3600
5338 1181
20339 953
21193 17000
7582 7045
10457 8836
25745 22921
24134 13461
18704 1688
21305 4694
28175 9227
27100 19698
11591 1490
24608 3968
2799 953
27867 26715
8145 3184
17000 9151
24449 1490
21362 2531
23108 6208
16788 8681
15776 11505
28845 28016
15164 11886
25795 19622
26939 9738
28872 2121
20502 1511
22438 21393
5890 4260
15164 2432
21193 8726
23025 10168
19698 4361
29924 15776
2729 2035
13461 5322
4267 936
20536 17654
29286 3184
24449 23025
20339 10394
23108 11505
14759 953
24365 5278
22047 5932
28872 8176
25387 24134
23115 953
15164 2035
28879 14759
8726 7416
14140 5999
28845 6251
14759 6152
30023 1490
24478 9227
25800 16691
19985 14759
25094 2994
21193 5999
23359 9872
21755 3449
4995 2432
21755 14140
23025 5048
23720 9151
23025 7576
21010 19598
28292 22921
11505 9385
16369 11061
8423 5057
25861 23367
28276 3418
27388 19069
23115 23025
21616 15164
8481 7582
24478 15588
21795 15164
11505 1490
8726 763
21193 5654
28204 23025
7478 2108
20536 2994
24076 6811
21637 5755
21193 17099
3510 2035
27501 1155
26939 20536
29926 9227
26443 7582
24478 5493
20502 7478
15588 2035
21966 11505
28845 10311
26875 2346
14047 5293
27210 15164
20739 16542
20416 7478
22839 12533
28175 23025
2994 1490
14835 2994
21103 20536
15164 8389
3291 1661
23931 7045
21964 1225
7576 7045
21193 7045
5293 3510
27711 22782
23025 6642
28872 6879
29033 21193
21755 3851
28016 23367
24365 21063
28845 17389
27867 6642
20536 18444
27334 3499
7645 7582
17099 936
18865 12000
7478 5932
22047 16706
20974 1490
17948 2434
20482 7864
28872 4361
21035 1014
28016 5932
27026 21085
13461 11655
7925 2021
21085 8176
29808 11505
15164 574
1756 1225
27204 5932
29286 12308
26516 23025
16453 3184
9409 7416
5322 1843
7307 3499
29122 13125
8621 6208
13111 5620
21085 484
28175 28016
28283 5053
5322 4267
18104 8176
29286 7045
28349 7576
18319 4267
21362 7045
28872 27388
28879 763
16369 9227
30023 14759
29774 29286
27026 6165
7416 936
25737 6451
13053 7478
22438 2035
25720 16691
20536 9501
26592 11184
22921 16691
28872 16453
20035 8610
23025 8423
18283 930
5999 1490
11655 11505
21193 8423
22921 9409
25745 18104
2994 936
22059 3934
12531 7799
29814 20739
13105 11505
20035 9409
27100 12531
8726 3184
30023 8176
29926 20536
8702 2994
24478 16561
28845 28386
11509 5493
5654 1490
13125 7416
5322 2010
20339 9872
25800 3851
23025 5356
28276 13472
20339 4267
24608 2434
23295 6642
21193 1266
23025 7521
7666 2434
9151 2799
20958 13472
26592 26516
20536 1086
29319 5048
28845 15381
22800 2994
29286 7582
22921 8538
21755 5999
5493 2010
14047 4975
27404 20536
21755 7582
17099 7045
27132 10584
9253 1490
20974 930
22921 6642
11679 3851
7582 3467
17099 14047
28845 27388
6642 2799
23025 8693
29774 9151
22921 574
24478 9409
15164 7576
22451 6382
28845 21085
27153 1562
21778 9018
22047 930
11883 1155
25387 3418
6451 2453
21964 7666
11505 8481
28845 25737
15776 3291
20536 7864
20536 3438
13531 8098
24478 930
17099 2434
18318 6879
19132 16022
27388 9812
22921 21964
22839 9501
28204 5048
28283 11184
26443 3851
24478 24134
28845 1515
28879 19985
27388 26875
19985 8176
21103 5999
15588 2729
12533 7978
17099 8481
9151 5322
29286 18444
27388 10311
21193 8176
24241 15776
30023 23367
27305 9501
21103 16369
22388 5048
23025 2833
28845 5053
29286 1824
3499 2434
8176 7478
13120 3851
21616 2833
29078 27765
16691 8164
10917 8176
26881 20536
13461 8681
17099 6318
22388 7386
29122 3083
29286 7761
25800 19132
9157 5048
28964 2434
5029 2892
17776 2994
27711 3938
20339 4260
23614 11883
23359 5999
29319 3184
10994 5293
28175 23108
11655 9151
28879 11505
14140 8726
20536 8681
24365 5293
26516 20717
25800 14759
21362 10136
23931 6642
20502 2121
15155 2121
22438 1266
9151 4538
7478 953
29286 3438
7666 1490
14759 6879
11467 8726
18632 8423
18865 11505
29286 24134
10394 8176
22047 5654
30023 8836
16369 14363
6879 2994
5999 2346
21085 3016
16369 8416
13719 11505
30206 30023
28175 23614
25690 5338
29226 24076
19398 11505
21362 10311
17654 15703
25084 5586
22438 1515
27940 17000
28395 21531
24134 16542
18238 11184
23025 15588
27100 21362
28394 18632
5999 930
27210 7918
14759 8621
22921 953
15420 6642
23025 17948
16624 2021
23367 21010
21035 11505
6642 2346
22782 2994
26875 7386
21193 15588
29078 28107
9812 2434
4421 1824
23367 7045
28879 9157
18704 11505
16742 2035
24134 9151
19994 14759
28872 23250
10311 7925
15588 1515
28845 22047
29286 26592
12708 11505
7576 6642
22839 18104
28016 17376
21362 5293
16706 1843
29926 16369
29226 7666
20536 8836
13472 930
27288 14759
28872 24608
8176 1051
9501 1490
21193 8389
25387 17179
7582 6165
24478 20576
10994 10976
25800 5048
22839 14898
9235 4902
3184 1086
9738 5999
10994 3510
15164 936
9151 2994
25335 4267
18104 5048
14759 3449
22531 10994
29286 24365
17000 8681
9253 6642
21120 5293
30023 28691
21193 9151
24241 23367
22047 20536
11505 9227
25914 10917
29226 20778
11505 8538
24076 5057
9872 1266
25094 9872
22921 1225
29319 6451
28016 20536
9501 1181
24241 13472
24478 1181
20339 2799
20536 13125
19132 1132
29926 21193
28872 19698
20536 7582
16190 15164
20536 930
24369 5048
12689 4361
20717 14347
15164 14835
25800 19698
28845 22921
21085 2892
28260 19398
21063 8176
23503 4485
24024 11505
25310 24478
25800 22839
8389 7582
25800 10168
14140 930
19132 6208
24365 17978
6642 3184
2121 1086
28386 13461
28016 8726
28016 19985
28879 930
27674 26875
12026 7582
8370 5620
28016 23025
20536 4361
24760 8610
9253 4361
25348 18823
28872 13232
22438 14759
16369 6811
25690 2994
20018 13125
28872 1505
15703 5999
28872 5057
20536 14140
29808 25800
12689 8681
25263 4538
23025 10917
24241 7582
9956 7582
24039 7582
17776 15776
1490 1266
3851 3499
20536 4988
13105 7582
20536 15080
25758 12479
24449 4852
23115 5057
27204 18240
27100 12708
9872 5048
16542 4267
15164 1051
21085 3418
8538 73
27867 5293
12308 930
30023 27501
24365 5654
9501 5932
8538 7576
22921 6392
15588 8164
28276 19398
20339 18240
17611 17099
7584 1490
29286 23384
28691 23025
29226 4267
27388 22388
9013 8389
21362 6642
23025 5293
28879 2799
9738 2994
5654 5278
27388 21890
28175 4267
29286 21193
12000 5048
26516 11591
21035 20502
28872 2926
20536 536
25861 10186
9227 936
29286 7513
16453 11505
20536 9013
14418 930
30064 12000
23025 6165
28879 25800
23748 5286
25274 7582
20536 11184
19821 14759
15164 2434
28879 4357
12790 3851
13531 8621
22921 14140
22921 4488
27674 25800
23367 6642
29319 24076
22921 17502
20198 8726
15117 13472
24039 8176
22921 22388
15776 2799
20536 20339
15703 1490
9328 3510
7478 1181
25387 18104
15164 11887
21215 1181
11505 11184
27026 23025
25335 11505
9738 1014
28276 393
21901 16742
20536 7799
17099 13719
27305 12000
24205 23025
13461 7478
15611 4357
28690 24478
2434 1051
7864 6642
22438 6208
13811 7307
27026 26875
20018 9227
26939 25800
4488 2994
21193 574
19698 3184
12313 2994
13719 1505
1490 484
13531 5048
20536 12790
23025 7582
5932 3184
18632 2994
14140 10917
28394 1997
13954 6879
28872 21305
21193 13227
15117 6323
13531 9151
19923 12533
13053 9151
21964 1490
20502 1181
28349 22921
24365 4722
13125 2434
21085 3968
24608 1490
10917 1014
29926 26234
25795 20018
4267 3510
12000 11505
27210 11505
29286 10584
28879 7576
17654 17000
30023 13719
28845 28349
9738 8538
28394 8368
23367 17179
25094 1756
14898 9151
25800 23025
13472 2346
24489 11505
20974 9409
21085 15164
22921 11184
14898 5048
8681 1490
30023 13966
25310 23025
20181 17099
24365 5999
8726 5322
25758 16369
11505 9151
16190 7478
13472 8370
21966 18318
21890 20536
2994 1181
28845 17099
29226 3510
25510 23384
15776 5053
24369 2799
27687 13472
24478 6642
15381 4357
20778 11505
8610 1058
29078 20665
16022 15776
24934 9501
1490 393
27689 2121
14312 2381
25084 21085
28611 1505
24134 8610
27876 466
14951 11505
15164 5053
21103 9151
20958 11233
20536 73
17099 1843
2729 1515
15381 9409
3291 1155
27388 5890
27674 19132
21193 3418
29926 22921
9253 2994
15381 2994
22839 8201
13679 1490
15588 13472
24076 1014
29286 23748
24478 8538
23367 5048
23614 8481
14210 1505
24365 7608
21966 2994
28845 9805
27388 9253
23025 20958
21085 1756
20502 11505
29926 2434
5999 2010
22059 15776
24369 20339
13719 6306
20181 16561
2121 1490
23025 19132
5278 3851
24496 6642
22438 21085
28611 13472
26516 4361
21035 10311
23367 2021
12308 8681
6642 5620
22921 7576
27681 11505
24134 6775
15776 9812
9227 2799
26509 8538
16369 1490
14140 13125
12563 5999
24365 15776
12434 5053
11505 3510
29226 9501
25795 1843
1674 1562
18104 2799
21215 4260
25861 1490
8702 4571
24365 8389
6676 3083
11505 7864
26875 1505
7386 7045
7645 7478
11887 11505
23115 5338
14835 1490
18782 9805
11184 967
18396 14418
22782 9409
25335 18104
25094 11505
16369 10917
27681 5493
24134 21010
23367 6165
3438 1262
17978 15776
18153 15164
28872 15420
22839 5932
13954 7582
25737 22921
27026 14759
28845 1266
9385 3572
15164 7045
21362 3510
29286 8681
20958 20536
17502 14140
27501 2035
25800 15420
4357 3438
28872 22047
24472 4267
22059 14759
13125 2994
28872 27204
11505 2729
24076 20339
30023 4267
22047 11505
29926 27210
6392 2035
16691 15588
23108 953
2035 574
21085 19378
10186 2453
25094 14140
7307 4241
16190 15786
23115 3184
29033 15164
28349 8726
25387 15703
18632 14140
9805 5493
29226 27388
26516 3083
23025 22839
27100 5048
20851 570
20536 10311
15381 13244
19985 11505
25800 13814
21193 11184
14759 8681
27978 1225
29286 8370
22921 17000
11184 9872
26974 24039
27388 1505
4852 2799
28872 15776
22531 2994
26875 484
21755 13227
29774 23748
27388 6251
13811 10976
13461 1181
25800 20739
28845 20339
23295 8389
26939 21035
12689 9151
23025 15080
16369 8389
6676 5493
21085 7582
17654 10917
24478 14951
9872 4260
5890 5048
13947 9611
17179 14951
12689 8176
7045 6642
13966 8726
22782 19622
27026 15776
30206 2994
19398 12000
10168 1086
24039 21587
22438 1562
29286 22839
21193 12000
24188 17978
25745 16691
17519 3510
29926 4267
21193 10168
20536 6251
1490 953
25800 10994
30023 5286
11505 9253
11184 6642
28175 8389
9151 2346
15164 10148
27100 10168
11505 8423
9409 5048
28016 13053
28423 27501
7386 2035
22047 9738
17978 16022
22921 7666
21901 7751
16190 13461
25800 22047
23367 20536
17376 2799
17978 11505
28611 15776
20198 11505
13461 5999
29078 1824
25690 6165
9872 6676
7386 6208
13461 3418
13719 7978
17946 4902
7478 2799
27388 9409
20536 1014
21232 6642
18201 15164
9409 2346
23359 20536
8610 2121
14041 13125
14759 10994
14759 10168
20536 11591
21035 2346
22460 8681
27681 23025
15588 8836
28845 2994
12000 8389
26581 751
28611 21755
22782 18865
14759 13472
12308 953
22921 17099
15786 10531
14759 7666
16008 9151
11093 1820
14347 12308
29814 11505
15776 930
9227 8176
28845 9738
12708 7416
24365 13461
22177 6642
19132 3600
19985 9151
28845 17376
15164 8423
6642 536
27388 14047
18632 13954
27100 9409
22438 7069
20536 4694
15947 8389
20536 16819
28872 13461
9738 953
27026 4488
27026 5999
13719 7045
7045 6165
10917 1181
2729 1562
7478 5890
25800 15164
22438 15776
22531 2010
28845 7925
27388 5322
24608 4267
13120 9253
16780 11505
9812 5999
18104 15164
9738 7478
20018 13719
7576 4260
26592 3083
14759 10531
17179 14759
29286 4361
11655 8681
15290 4971
6642 5932
12689 12308
21193 7751
18396 4357
14759 4868
27711 16369
22921 1505
29286 22921
1511 1490
4113 1490
13125 11505
28872 12689
24478 10917
24478 2799
22839 9409
24039 930
24024 574
11505 5999
23911 21085
24076 13053
22921 1756
7582 484
15776 14140
14411 4357
28498 22534
21755 7666
28611 10148
13120 5999
9738 7582
5896 1490
18283 12708
27674 3083
25387 13472
28611 23367
13472 7478
24760 8726
27026 13472
9765 9538
12308 12026
29226 21193
30023 3509
27501 11655
15164 14140
29286 12760
14140 5586
24478 5620
24365 7576
15164 4694
25937 17179
29286 25387
29286 15550
27102 23025
29774 8681
26516 14759
14411 7582
29226 28879
29226 6642
4357 1225
9227 5620
24478 6027
3184 1181
29808 23931
26516 1511
28204 20198
10541 7478
14759 7582
27388 5493
16369 9409
28872 1014
25745 20576
18632 18201
4971 190
17099 2994
24365 16022
13811 13679
25690 8423
21010 4267
14759 4975
16369 14759
17099 5338
25510 22921
13461 12308
21362 8836
17654 7478
9872 9151
22047 2121
28175 9151
25387 8370
7478 6775
1756 953
29286 25084
21085 20339
27501 15703
8176 5999
9227 4260
27102 8538
28016 4260
23614 5048
8098 3083
29226 13531
6027 5654
30023 22839
27687 8580
25084 8176
13472 7582
27388 13227
20536 6318
11505 10531
11710 8481
28349 17376
22839 4267
21232 11591
7478 5057
27204 22438
21215 17099
2010 936
19798 8693
26516 6208
20851 20536
22047 15588
16022 13461
27026 4357
25800 5338
27388 9151
20018 2994
28872 8938
29226 2799
27388 8389
21193 14566
27102 8761
25479 20536
6718 1490
14140 13472
27388 21193
13954 5338
12417 1490
26516 7478
26875 2434
8264 3418
28845 25800
25084 17948
19398 4538
10994 8538
11505 8389
18782 7799
25387 7576
16519 8285
27100 23025
29286 15117
25800 2994
22267 3438
14047 10394
11505 1688
8176 5293
28872 2434
19798 11505
12026 11505
11591 3083
28872 22388
14140 2434
18185 12790
9738 1155
29924 21362
5890 5338
29286 12708
20536 12073
28845 17309
24220 4357
14759 4538
29924 14759
17929 1490
29286 9151
17099 14951
22921 18283
13719 3083
23931 22438
10317 3510
27388 20778
17099 15117
27305 1014
22782 7045
23115 13472
27867 11184
15776 11887
16369 930
20536 12417
18865 574
17376 12436
22438 2892
22120 13125
28845 20958
12708 7386
14047 13472
7582 4267
28879 8726
11505 6152
26875 4267
23025 22782
28872 11516
20018 8368
21755 14210
23295 1490
13719 5293
2434 574
29814 25800
14951 14140
24076 11184
29286 13472
17000 3418
28964 9151
11184 1490
23720 1490
28872 20778
16561 9151
18865 2994
28845 21616
21085 5048
22839 21193
29122 5293
20339 2994
19132 3851
8389 2799
12000 9501
12689 9738
22921 5586
29286 10994
28879 16834
15164 8416
12000 7576
20536 16542
22047 7045
26875 20339
7069 6323
24188 7416
28394 5338
17000 9765
24478 9738
29489 24039
21362 3418
28845 3291
7045 3438
6208 1014
22106 4722
11505 10541
15776 8621
14759 11979
16937 7582
3510 2346
23911 1490
29286 19398
6642 5338
28879 22047
20536 9227
22438 17179
16008 9872
27228 18486
22047 3418
24478 7478
20018 8264
10136 6676
26234 21193
20958 11505
21193 16542
18318 13472
21370 5048
24134 9805
28395 13125
26887 3851
28204 10541
18149 16369
25430 24478
25335 25310
21063 11505
25094 953
24076 9738
15164 3291
23025 7045
29226 9157
10394 6165
28016 5620
6152 5053
9812 7478
17502 9151
30023 9538
11591 466
23025 8538
11886 8481
11505 6027
26679 22923
22921 7582
18238 5048
13461 393
27940 27026
22438 3016
28845 7045
21193 6879
7576 1490
24608 2994
7582 7576
11505 1562
15164 11505
28107 22839
17309 1490
30023 19070
28016 2799
18104 14759
10541 3184
9872 5338
29078 3572
4975 3083
26875 5286
16542 8621
2994 2035
20047 13472
7478 5338
23025 8681
22921 8761
17000 10168
24134 21215
17978 2799
20198 3184
8836 1490
24076 9151
3499 3083
11184 751
9151 6642
13472 5620
14759 1014
11505 9409
21085 7416
8621 3438
29926 25310
6775 5286
21370 11505
9738 5338
22921 21362
14047 1146
18441 2278
10821 6718
4694 3184
17376 7582
13472 2729
13227 6165
22839 4361
24478 8693
21035 14759
7925 2994
18114 5999
25310 5048
24449 2994
14759 8836
26592 25745
29226 1490
22921 3291
17099 3438
11505 2010
27388 2892
23025 22177
22059 5999
28872 10311
24039 15776
24365 2994
8098 5293
17000 13472
27100 11505
10413 8681
11184 7582
17099 6306
13228 5286
23115 18632
27100 12533
16691 4488
26234 20536
14759 9151
24241 7864
27674 6676
19985 15588
6208 5293
7045 2278
11505 7513
8176 5057
4483 4267
19798 11184
16443 1262
28386 20536
28845 14312
27388 14210
9253 5053
13719 8176
23367 16369
9872 6775
17099 15381
28872 2799
3851 3083
11184 10976
11505 9872
21193 14140
28879 19132
12804 2127
27501 20576
22047 6642
6208 5030
15381 5048
20339 3184
7582 2035
11505 5029
9227 7386
24377 8836
23025 702
25800 9738
29774 11655
14898 11505
27102 5216
29078 21085
24540 21085
27867 2035
4260 1181
19985 1843
25795 14047
26516 9151
24934 6208
23108 7386
29226 19132
27210 8176
27388 6775
30206 12000
20536 10168
26679 967
21193 1014
24496 8389
22921 2381
23911 5999
22047 1490
13227 1490
19984 8726
28872 14759
18632 11505
17389 14312
17099 13472
28386 9151
7478 5493
26678 6642
8370 936
6642 3083
22782 20536
27388 21755
24039 2799
28845 16443
29226 21010
28872 20536
8681 3418
11505 2108
9501 5293
21193 5932
7582 1505
20416 9872
23367 9157
19731 3851
29033 2994
2994 2010
3851 1490
21362 13472
22921 3851
19985 2421
23517 22921
9151 3291
23367 5932
21755 7478
22047 21035
27388 8726
21755 2434
13472 1155
21193 484
25737 13461
9151 5999
13719 7478
25310 7582
23025 21094
21901 21193
30023 12313
27210 18104
14047 7253
30023 8761
19132 2432
30023 4975
2892 2434
13719 12790
22531 6787
4488 1490
27711 190
28872 24365
20536 19698
24478 13461
27681 2799
15164 5048
27204 8761
24241 1490
21964 14418
25800 21103
20851 10148
21085 7424
18396 3291
21085 6451
29033 28872
25800 16542
22199 3184
18201 13954
22388 6642
15164 10531
21103 3438
20958 7478
28611 11505
20339 1181
21232 15164
23025 22921
28016 5999
15588 1674
1266 484
21085 14047
16369 14747
21964 15776
27153 1515
19798 11061
27204 5999
11184 5048
14418 12308
13472 10531
4694 1490
10394 1490
4538 3510
21362 14759
25737 9227
20536 17929
4694 2994
25800 23367
20339 1146
17000 2121
22534 6775
27100 7582
8176 3437
7386 5999
17978 15164
16190 10531
9872 6251
16624 11505
21305 20536
25387 393
27674 20018
11979 1014
24039 12708
16542 1490
15588 14759
17376 5493
21393 3438
22531 13811
29319 12417
13461 10531
8389 5493
26516 3438
27100 15164
27153 1674
24478 19798
26875 24241
25387 1688
14759 6775
20536 18238
14759 7576
25387 20339
8176 190
9812 3418
25894 2994
28845 7424
12308 2994
21755 2892
953 930
25800 24365
18865 8389
9151 2010
14759 12760
14759 9227
27388 4267
22179 14140
22921 1820
4483 930
12507 2799
22388 8176
16834 4267
23025 13966
20576 9805
22782 5057
16542 15164
15776 2434
14759 6208
30023 2108
27100 11591
21035 9151
21103 17978
26923 24076
11505 1756
19622 15164
29226 20035
30023 4260
29319 13461
28016 1181
22531 7307
13053 1014
21362 15776
14951 1756
6208 2453
6632 4267
18283 2994
27867 3851
23367 13472
21063 17000
27388 8176
21035 10917
9151 8389
16542 15776
20536 8050
21085 17000
29286 19798
27100 1490
29286 190
11184 9151
11591 6642
22388 12436
20778 3418
28016 9151
17508 4421
18114 7582
28845 2035
13461 1155
11505 1511
22177 19070
18318 5999
14835 13954
15164 2994
21010 18114
21755 1505
28845 3938
20198 9805
19698 5048
28016 13227
28872 393
27388 11093
23025 9151
29286 8836
15588 1490
9872 1014
20536 2892
12308 1490
7666 5999
20536 18159
21085 5029
2434 1505
23720 7582
22921 12708
25745 5048
13461 9872
30064 21362
23025 13227
5053 1490
25737 2994
3418 3083
9409 936
24478 8176
26516 7225
13954 13472
18114 10531
23025 4260
2021 393
22438 14109
15420 9151
5048 2994
6208 2035
11505 11093
18441 9235
27026 2799
20974 6642
5057 2994
17946 3083
21393 11505
11505 5286
27388 20018
21755 15164
11184 10994
22047 2994
25387 21215
29226 8538
9227 4357
14759 2346
23359 1490
20536 8938
28107 26679
18238 18159
11061 5057
15588 8610
25720 21964
24369 19985
29926 27100
22839 7478
23748 2892
13603 11505
25387 17099
29926 7582
30023 5030
24540 23025
27501 1674
17051 5356
23025 14140
26875 936
22531 7416
6208 3418
27026 17946
28016 22921
27388 23367
4267 3467
21362 5286
17654 11655
20536 4529
9253 5999
5399 4852
9409 5999
21085 16369
22921 4361
27674 16443
17389 4722
15155 1490
12479 11505
3572 1515
23025 1490
28394 3418
15703 7478
24478 20851
9812 7666
15776 4267
28879 24496
21616 9738
5029 4185
25795 22782
25800 12026
11505 5216
21193 16453
3334 2994
27100 11184
22531 4357
26974 20536
15776 190
29286 9538
28691 25800
29226 14140
29808 24365
20536 15164
25800 12417
14140 484
29226 2434
19070 1756
8538 7416
23367 15776
29319 24478
29286 2434
10917 5048
24478 7045
12308 2434
18441 4902
7416 3600
24039 1490
30023 8681
29226 18238
14951 8176
23359 11184
22921 8370
16542 13472
20339 6775
21362 19821
30023 12563
7478 574
21085 13461
28138 5493
29122 8999
20536 4185
25429 15786
14566 11505
20536 15786
27772 3510
20576 5620
11591 9501
12000 1014
24365 22106
16022 2799
5890 2994
20536 3968
26679 7513
11505 5654
20536 3510
23614 12760
20482 7849
23115 18201
15164 6165
16453 7478
13472 8176
28845 13472
26875 5322
30023 3510
27681 24369
18319 16834
22839 1490
29226 23115
26592 20717
16369 7582
21193 3851
27026 16834
29078 25084
28394 25310
15588 12823
23115 3510
28016 27388
7478 3184
13954 953
28016 16542
27204 7045
15164 1843
14140 1505
27228 6642
29808 5029
30023 6775
22921 7307
30023 9227
2799 1181
19132 2994
7478 4361
8416 1505
27388 5338
21755 11710
9805 2021
10394 7045
8726 4357
11184 7416
5053 5029
28872 1155
21452 6165
27388 4260
11505 8726
14759 9409
21193 18632
13461 4267
13472 73
20416 12417
27388 7416
8176 4267
16780 5048
29226 28845
26875 13719
29226 10994
29286 16453
27210 20536
1181 1155
22047 8610
22531 4267
9738 1490
27388 25310
27204 21085
28872 28845
10457 1181
27100 7799
20018 5493
22782 18201
7045 2035
23730 21362
23025 10148
27100 9151
6208 3851
27867 20018
29122 3499
29226 23025
11184 8621
12708 7582
21103 2453
10917 8389
27978 21103
23115 13227
21085 15776
9151 8370
20536 16443
5932 2278
22047 7416
24478 20974
24449 6842
11505 574
23367 3291
21103 11184
19984 11505
21193 16369
24608 14047
8726 2121
16542 13461
22921 18441
12479 7582
5048 2799
15164 12313
18114 8538
22839 20495
8538 5620
3418 1490
12760 12026
25937 5053
28845 1756
8285 7582
8621 5053
23931 7478
26516 5278
29286 20665
22921 11505
28175 8416
9812 7582
21085 14140
5338 2994
13811 7608
22047 17978
3438 393
27940 27689
4988 3438
8050 3184
22438 5029
28498 4868
21103 11503
16369 9151
22921 20958
25745 8423
7416 4722
17051 15164
21362 21232
9253 936
15786 10311
23367 21035
29226 15588
11509 2010
17179 6165
4988 1225
12026 8389
25084 22438
21103 7416
27689 10168
22432 10141
21085 14109
21616 13472
11184 3499
22921 11004
29078 20495
23931 11505
18782 18114
14210 11505
21085 8610
15611 6251
5999 936
5338 930
28845 15776
2278 1490
6208 1511
27388 18396
11505 1997
4267 1155
16008 1756
21010 11505
18201 5338
16706 5322
24076 11505
17099 9805
28845 4722
30023 2799
20665 1490
23359 8726
29774 15703
19698 1086
22921 21452
25274 20536
15446 1318
13461 10413
27404 5620
26715 7582
22921 13719
19737 15164
28845 5493
23295 20536
22921 14210
18632 7416
21305 21193
18865 5890
12000 9738
29226 16443
27388 3184
30023 11505
22438 8416
15611 10311
17099 16542
15381 3934
25800 13472
17978 16624
21103 930
23025 17000
22177 1756
15776 1490
29286 23911
18104 8423
21795 4357
24478 17179
21966 13954
25094 7478
14109 3016
9385 1490
20536 5029
23931 8176
20536 13228
27674 2434
22451 1688
4361 2799
22839 21035
12708 8389
21305 13053
20536 4433
26296 20339
27100 9227
7478 6642
13125 936
20536 9151
22388 20339
9501 6642
19737 18153
19798 5029
25758 7478
27026 18441
15381 2723
11184 9956
5293 3291
28845 10917
29286 19698
24369 1490
12308 7978
16780 5377
27026 20416
5493 953
15164 5890
6775 4260
5999 5620
27204 19132
14759 5293
4645 3083
11505 936
27204 4357
7582 5057
27305 10917
26581 15164
23931 9227
5654 3438
28386 25737
27404 7045
25861 4267
8538 2035
12708 1490
21215 5048
28872 15164
7045 5654
28872 5342
26592 8423
14418 4357
11505 2994
4260 2994
30023 9253
29319 29226
20220 15633
18201 11184
8681 5999
21193 3600
7864 7576
30023 28879
25800 17099
21362 6676
24365 17389
29286 21035
11184 7386
7584 6642
26516 19132
21890 9227
29078 3510
27026 24365
28872 5048
1490 536
14835 5338
28016 13120
27404 24478
22921 1051
8580 4694
15947 1132
15588 536
22839 8726
14835 13227
6642 4185
29926 24782
11509 1490
16986 3438
17929 15588
9872 7582
22460 1155
23025 21085
22451 21193
15117 10311
8201 5586
18865 5048
28204 13125
7582 5493
22921 21085
11184 190
19132 17978
22921 16022
20536 5338
24540 8389
23931 15164
27026 2994
23367 1490
21010 15164
20536 16691
23025 16542
23931 953
27687 2021
7478 1014
8621 8098
28276 21085
13472 2994
27388 15164
29286 9765
24540 7582
12308 8423
22388 5999
29226 16542
27388 21452
24024 7582
9409 4357
16742 7416
24445 22047
19737 11505
23367 13227
24608 5293
8176 5029
17099 16443
27674 26516
7582 3040
25075 4357
21085 9227
21085 10896
23614 936
10531 2994
11505 6879
9151 930
2994 1756
28611 3418
27940 10168
29808 1843
5654 393
28016 936
7864 5338
19132 4267
25429 7478
9253 9151
17376 5999
28845 12689
30064 19398
22839 7666
8761 8538
28872 16369
19132 1843
28204 2994
10896 8681
20047 11505
27210 23025
28138 4267
21010 18782
21103 2994
28845 11040
14109 6165
14951 930
20018 9253
21193 19698
14411 13811
7386 5030
19698 8726
10186 4267
24478 17099
11184 5999
3938 2434
29286 3083
20339 5890
20536 3600
24478 15164
16443 6208
29033 2799
27100 3184
7576 7478
28386 15776
21452 10394
14140 2994
29286 9501
25800 21085
21587 21085
29926 13633
19398 18104
7582 953
8726 1132
5029 2362
29286 23359
28845 14411
24540 1490
28872 25387
9738 2833
21755 3418
10186 9805
13125 763
23367 14759
28845 1843
28845 7576
11505 9157
10917 953
18114 11505
25800 2799
23025 11503
23614 14140
22438 20958
14759 3083
22520 815
24134 8176
18201 14835
29286 5293
15588 15381
22388 12563
5048 1490
17376 5048
15588 9151
6024 2994
26875 24540
14047 13719
20536 20416
27204 11505
21755 6642
22921 17376
22432 14047
15164 2833
15117 2021
13472 953
26881 7582
29226 9805
7582 7253
17978 7582
27102 9805
18114 930
5293 4421
29286 12073
9738 930
8423 5338
23025 5338
11887 3418
23025 16443
19598 11505
17376 13120
29226 21232
14759 7478
7416 5338
18444 6323
16443 3510
10394 10186
12434 3083
27100 1086
21193 1490
25310 9227
13461 9227
21010 9805
22438 16369
15588 7478
28204 3184
29226 2432
20536 953
21755 20778
24039 9385
16986 4357
28879 3437
27681 26516
24365 5029
19984 3184
13227 7582
27687 20536
9151 4361
28845 22106
21362 3449
28016 27305
21305 11505
17864 13472
13125 8621
23025 1756
4995 4267
15164 1132
13719 2994
14802 1490
14047 9227
20536 17946
18201 11505
25800 12760
28872 19798
23295 536
22782 14411
14759 11505
14140 953
22047 3851
7576 5029
29319 4260
23025 11505
17502 5999
7978 4722
27689 27026
21085 11887
26679 11093
28845 4988
16369 4113
30023 20339
27711 5048
7478 1505
9227 4483
16443 2035
29226 7582
27687 16624
15588 7045
7864 3968
12417 8742
24478 24076
19985 6879
23614 17099
26581 3734
29926 1181
24871 9409
9151 1756
18704 3291
4361 3851
10531 3418
11184 2892
29226 28872
14363 3418
22921 2729
24076 4260
29122 23108
11505 8761
23108 5048
5286 1490
23295 2994
14759 8481
27100 22839
23367 22839
27026 3851
16542 5048
27228 12026
27153 13472
17099 11184
17099 1490
17099 4357
12507 8050
14759 2121
29814 393
15164 4722
21616 11505
18201 8423
27681 12689
11505 5932
21305 7478
10311 73
25758 1490
27681 9738
20198 10541
21103 19070
28204 21035
23025 11184
28845 1505
1266 953
13472 8538
19985 19737
11505 2434
10541 1490
24449 3184
20605 20536
21085 16834
25387 5338
29924 6642
28872 27210
20536 7069
24608 21120
25800 15588
27026 3156
13472 5896
20536 6323
20717 14759
20536 8742
26939 13053
26296 11505
1155 574
27026 22921
11505 3418
6323 190
23459 9227
23025 3280
24134 5890
21193 13472
24076 23025
7416 2035
11887 8610
14140 13954
3418 393
9409 5338
29247 25937
18114 73
20665 5999
22921 4529
27765 20495
22839 11505
25094 23025
24039 2994
15164 9409
12531 2926
9501 2121
20339 2434
24365 2434
21362 18411
20536 574
20536 9157
29226 17000
15588 3418
5278 4538
21103 19132
13472 393
7849 5338
20536 13472
27204 20339
4267 2799
6392 1706
18441 17946
27388 17376
24241 7666
25310 21193
5890 1490
15776 2121
9409 8176
12436 5048
25690 11505
27026 1843
28016 22047
15776 13472
28260 11505
27388 3418
29814 20536
5322 1490
24496 9013
17481 15117
13461 9409
23367 22388
20220 4267
8681 2021
29286 953
25387 24478
30023 13461
25745 930
13461 1490
28394 28016
3851 3600
23384 20536
29226 13461
9994 1843
22839 1505
20536 2926
20536 393
27100 18149
30023 10311
25310 7918
9805 9227
12000 8726
25737 17978
22451 8538
11505 6642
8416 5048
8610 7582
19798 14140
7864 7045
13227 5338
10917 3418
22531 5999
12760 12708
20035 17099
14210 14140
27204 19622
23025 1562
28845 2381
11505 6775
14140 5057
3449 3083
21193 953
29286 9385
11509 11505
9872 7478
28872 25310
9385 3499
21232 2994
27388 20536
25084 17179
27153 23025
27772 8264
14835 8423
12313 1225
23367 21193
23025 5654
22782 11505
28016 4361
18396 6318
18865 1155
28386 11887
6642 6208
26715 11184
24478 22782
16542 6642
23748 3418
29226 11184
26583 8621
25800 7045
15776 9151
22782 15588
20018 8610
16443 9506
21010 7918
29226 24540
18238 9157
11505 11503
26678 21362
11184 2010
23367 2434
4942 1843
23367 5654
29226 7864
21890 8050
26581 17481
6642 1997
29774 20536
19798 6811
15164 9151
15776 8610
9227 574
29286 21103
24365 15164
28204 28016
7478 1490
13472 8726
22460 12689
17099 16561
20851 4538
27388 24478
28175 13531
11509 8176
13472 1674
8538 4529
27228 25800
23025 8726
10917 7424
11505 10394
20339 13461
2021 1490
20536 15550
18104 11505
9151 7666
19985 4260
23931 5029
21193 6165
22921 1515
16443 16369
23115 7582
25800 8621
27102 22921
29926 11505
8389 2994
17948 8726
8621 2021
5216 2994
16542 1181
28394 14140
22451 7424
7478 2035
18283 3418
29226 24478
23025 574
20536 19398
26678 3449
11505 10966
14140 3418
10994 5029
18114 14759
28768 8726
27501 24478
9738 7576
12026 10917
28964 27204
28349 5053
8610 7416
28175 16986
29774 7478
21035 20536
18104 9765
22531 9151
22047 8681
28845 7582
15164 7666
26939 24076
13472 1515
23729 16190
29226 466
24814 17376
17376 3291
25335 15164
22531 13227
21964 5999
28879 18238
7478 5999
18632 5338
12417 2021
4694 4113
22839 13603
21085 20482
17946 5999
3969 1688
29286 20198
22047 5048
5654 5101
3418 1505
19985 18318
18823 11886
20339 930
25800 2121
25800 484
29319 1181
21531 13125
13840 7346
27102 7045
8702 7424
7045 5932
22921 8264
17978 13461
22388 2346
17948 953
10917 8481
15381 7599
9227 7576
23025 13954
11505 10896
29078 1490
20536 18114
11503 8761
27204 5620
22921 7864
17732 7478
23748 5029
21193 2799
20502 1490
8693 8538
13461 930
18149 393
3438 2121
13461 8389
15776 2994
29226 5338
15550 5654
27204 4260
23931 18056
27388 5048
21103 15550
28872 11061
22921 4722
25429 16190
23931 2278
10394 8726
18396 9409
20974 11505
12708 11887
27711 25800
28016 2035
30023 1511
23025 21616
21215 20339
15164 12308
18114 15164
27674 15164
23367 13719
28691 11505
8370 4488
3851 2121
23295 9501
7069 5999
27204 13719
23367 8742
27204 3938
23359 3040
29286 8610
12533 5286
2799 1511
22839 3184
21035 7045
23367 2994
20958 1562
20035 4357
26875 8681
13227 3449
27711 25387
15633 4267
30020 29895
19062 16190
4483 751
17000 3083
30023 27100
9151 7582
9151 2121
2434 1266
29226 26234
12531 9738
7576 5286
19132 18238
20339 7582
29774 10917
22921 5999
20339 12308
5278 393
27843 13773
27026 6879
13472 2833
16542 11184
14835 8176
7864 7478
22782 11184
23359 4357
27026 6451
13719 10148
12000 10917
29286 25510
30023 21362
22921 18318
22267 6208
2994 1266
24496 11505
24076 16369
28872 7576
11679 8610
25800 16453
5048 574
27711 4971
23025 19798
23359 7751
23367 20502
24039 8264
19985 19598
22921 6024
18886 8726
15381 4995
21170 11004
16706 5654
5293 4975
15776 953
26875 5048
17376 9151
25800 9805
26875 7576
22921 6251
22921 3418
27153 2729
17946 14759
27388 7582
20198 1490
21964 21232
22921 19070
22921 22177
25429 13461
21193 1086
27210 10148
3184 2994
20536 12000
11184 1181
18318 6165
5048 3438
14951 13679
23614 10917
15588 3851
27940 2121
22120 7416
5932 2121
15760 14140
27102 4529
22534 3499
5293 4538
25335 5057
29286 20536
21085 1181
9805 1490
25800 11505
20018 1688
18185 11184
24478 15381
9157 8050
11505 5048
12689 2994
5493 1490
5999 1266
20576 16443
27026 20536
11505 7576
6208 3510
28138 5048
11505 6024
21010 13472
11655 10917
30023 12533
25084 23025
9409 6642
15776 9805
27026 26443
25094 5999
23025 1262
14759 10426
27100 18782
29226 9506
26678 21035
25084 14140
4995 936
8761 8693
8742 2021
19398 10917
16453 4361
27388 23748
4267 930
26923 21362
25387 22438
20339 12708
15776 7582
16369 574
25745 13461
23367 4267
7608 4113
8681 1155
22047 13719
14835 6165
19798 14951
5493 5293
5896 2021
18396 8389
7478 1511
25861 23025
23108 11591
18114 17000
21193 4260
24478 16542
25335 13472
14759 9242
29926 574
28845 20018
22451 17099
22921 936
19985 13954
14759 12508
5654 2994
8621 7045
17376 9805
27026 1515
15776 6152
13531 6642
25310 21010
9805 936
18114 5586
29226 20339
9409 574
28394 20536
13954 13227
9227 1997
23367 12417
27681 574
28394 24024
29319 21193
29122 27867
4267 3083
7582 1756
20536 1511
30023 24478
25075 11505
22921 8693
16369 3184
15588 11679
30023 29926
13954 9151
27687 1490
24134 1181
28016 16561
26516 24369
25387 16542
24478 936
26939 8938
18201 6165
25084 5293
10896 4267
15164 8726
14041 2994
28872 2379
11184 4260
28611 7666
21035 4361
9151 1490
12790 3083
27388 11505
26875 2994
9738 9409
29774 27501
28872 17258
15164 4357
14951 13811
20739 6642
24496 20536
24934 3851
28872 17978
25429 10311
20536 13679
30023 29895
28016 5048
15420 3184
3510 3438
23367 2278
18201 5057
28016 7576
22921 12436
29286 393
22921 10976
27153 11505
26939 7478
11591 5278
7478 2121
24489 21755
14759 13531
20536 18411
22921 5932
20339 15633
15703 3418
21966 5999
19798 5048
22782 7582
16369 1155
21648 4260
11184 8538
15164 1490
24494 24449
22106 11655
23025 20181
29808 17179
25263 3083
13679 5048
4267 1490
15164 5356
23025 15164
30023 2035
21193 21035
16443 9738
23025 953
26875 4488
26974 8176
7666 6152
22921 8176
24478 14140
7386 5029
17099 7478
27102 19698
7582 1155
21193 20536
19985 6775
27388 25800
14140 8176
10917 8681
5399 2434
11505 8693
13111 6642
14140 8481
6306 2994
8176 7386
22921 5029
18104 3083
23250 9738
13472 6165
29223 22921
29808 7386
27772 20018
27388 20047
25745 7416
28768 24760
28016 6775
15588 5896
20536 10531
14835 12308
20536 8389
19923 7978
6024 5293
28691 25745
25914 21362
21035 19698
13472 7666
28872 21035
28845 1562
28872 19398
24220 2994
21362 20035
26592 14759
25800 17978
16443 7582
13679 13472
5293 3499
17376 190
15164 13461
29924 9151
29319 5890
17978 9227
24449 9738
21035 10541
28845 27501
28386 3418
7918 4267
11655 1490
16369 4267
11505 9812
27100 4361
29226 7045
22047 14759
27978 19070
22921 1674
28964 27132
11505 8417
10687 9805
10186 9151
15164 9812
8726 4942
22047 1511
23720 23025
29286 27204
13461 11184
24076 16190
16542 7478
27204 22047
7045 1490
27388 4433
25387 23748
20536 11061
10394 4267
13461 9013
13461 11887
27501 23748
24472 4483
10186 5048
22388 9409
15164 930
17929 5377
17099 3449
11505 4433
17099 11516
24365 9409
30206 7478
13719 4357
28016 2994
24076 21215
22921 13811
22921 5620
24365 393
25084 7608
21085 14418
21305 5286
23614 14759
13461 5890
27305 1181
20958 2108
8389 1181
23367 9151
15703 8370
9872 1490
19132 4623
27681 4361
26715 6642
17946 1490
27681 12308
27388 9738
13603 9738
30023 19798
30023 20717
25690 13472
21010 18104
8726 3040
14759 4361
20536 13841
10531 6642
14140 11184
15155 8176
28138 16369
7576 6957
21193 18318
21063 5999
23025 14312
12708 12308
5322 2994
26906 1490
12308 8389
24449 18104
15155 5654
11505 7608
24024 16369
20536 2434
6208 5278
14312 4722
20482 1490
20536 1843
23367 20339
24540 23367
21193 4267
8176 3438
24365 1490
8176 5493
10994 7416
29286 28872
15164 15080
9765 8621
23025 3851
10311 8538
28879 5048
27772 21362
27388 7386
20536 3418
21755 15776
8389 7045
19994 5053
25800 2010
2346 1490
22921 10917
21085 8761
7925 4357
23025 2892
19132 11184
20339 20220
28386 22921
30023 29122
5293 5278
13125 5399
23025 20717
20536 14494
17376 8726
27026 3418
26923 19985
24241 22921
14759 1086
13719 4260
14210 7478
20339 13719
28845 22438
29286 17099
21170 11184
11505 3184
28879 6642
27978 21964
18396 10186
24076 15381
20536 5620
10246 2434
5683 1070
28872 18782
30023 1262
28394 2434
23367 21370
27026 2434
28872 5932
27978 22177
25745 7386
8176 7918
9151 5053
25387 2021
21103 8726
10821 9151
13461 5053
11184 8610
20778 1490
9227 930
14210 7666
13719 6642
8481 8389
15164 13105
11505 5620
26509 11505
23025 22106
25800 21305
11505 5278
30023 1505
28872 8681
20536 2121
19798 8761
25094 16008
8726 5932
20536 15381
4868 2021
16561 11505
24265 9409
9151 4260
16008 14140
23748 6775
10311 4357
28386 22047
28611 14140
25310 4267
23931 5493
29286 4538
11505 1155
28872 11184
8621 5048
20536 3851
5654 953
8050 1490
15164 14759
7478 5048
25800 3184
23730 20536
23025 15155
21531 7416
29226 26875
21215 2121
22921 8610
14140 6392
25745 9151
17099 6775
23025 9872
15117 1490
2453 936
21085 4267
29926 7416
28691 26516
15381 2346
8098 5053
29286 10191
6676 4421
23025 7666
23025 11040
29122 2994
21103 5278
25084 3438
30023 3083
9409 930
22921 21648
22199 5293
22921 11887
27228 27026
20018 5338
8423 7582
29078 9872
24608 6165
21305 9227
25335 8176
15776 14047
21759 21085
30023 27102
21170 10821
13461 6775
4483 334
10168 5932
29286 9872
28872 14210
30023 16190
15164 6208
16742 1490
19821 4868
15588 15164
30023 25745
23614 23025
24608 7849
27867 6392
21362 12790
29286 3851
21755 13472
13472 3334
23025 3418
29226 27876
15588 11040
26875 11505
8176 7576
27100 5493
22451 21085
28016 18632
19985 18153
21056 11505
27210 4267
21637 7045
15164 7478
6775 3499
27204 20958
13811 11184
20035 14759
8726 2035
21964 14140
13472 11040
5048 1688
20958 14047
29226 17519
26516 24934
26875 15164
22921 19798
24449 936
23614 16986
21901 20536
27026 24608
25758 9151
7582 3418
20536 17611
3851 3449
28498 5048
3499 936
22120 21531
18441 8176
28872 7478
21170 8726
30023 20495
17099 12760
17389 16443
21452 4267
28879 18444
24365 15550
25263 9151
20536 16453
29286 10687
27388 15776
18104 11184
10821 7416
24369 953
9738 2346
24540 11505
12308 6208
11505 7582
22047 7478
17000 11655
21035 2121
29226 21215
14047 8621
13227 5322
19798 4260
19798 12479
24449 2799
13227 9253
7620 3280
16561 6775
15117 190
5620 2035
8176 574
29078 9738
21759 11184
11505 5683
18318 14047
9956 8610
15164 6451
21094 9151
11040 1674
5356 1132
6879 5999
27388 14140
29286 2121
5654 5057
20605 7045
18444 7478
17776 17099
13472 9409
18201 8176
24076 8938
27100 21193
15760 13125
13954 5057
28879 8176
29286 16369
8726 1490
14759 7069
21085 9872
12000 3184
20035 4421
10638 7315
27388 24241
27153 22438
28016 27681
23108 9151
29286 5999
26887 13811
28175 7608
13719 11004
13472 7045
23025 6208
15290 11184
27026 11093
4852 4571
8264 6642
13719 4004
27501 8370
21362 15588
22047 5029
20035 6848
28016 12689
17929 8836
11516 6811
25800 7478
15947 5048
13719 2278
16986 936
1505 1490
4241 953
29226 11505
28260 4538
29226 9812
22531 1490
24369 23108
21393 21370
28016 24369
25745 20717
9328 1262
24365 7386
28175 16561
10994 7307
27388 936
12308 7174
15164 9538
24024 9227
24496 22921
9409 8726
13244 10584
13472 11184
23748 5999
14047 7416
22451 10917
18201 7582
11505 5377
28872 3184
25758 4113
8423 8176
17099 3184
27026 4902
19846 11505
21085 7849
27204 2362
20536 10917
13719 3851
22179 19798
19821 18444
23748 7478
27876 5048
28845 1225
29926 8681
10457 1155
21964 21103
24076 23614
28872 7045
22921 2799
18782 5586
5493 4357
7584 6775
15164 2453
27501 7478
18444 3510
11505 2121
10917 5999
15703 14759
27674 8836
23367 23025
28964 3938
28016 9227
16691 8176
4113 2994
19698 3438
10531 10311
10168 2121
19398 3418
20018 3510
14759 3418
25690 21193
23115 9151
15164 5338
18114 8621
21010 15786
14759 2021
7174 930
20536 8693
23367 8176
22839 19923
21193 10917
20536 19719
21890 7478
27388 13472
13472 2799
10168 9409
24478 22047
7416 4728
20958 2035
23748 20536
21964 20339
20339 7478
8726 3499
29286 8726
7424 2994
28016 24478
15164 9872
28872 22921
22819 6392
22451 7582
25310 16369
22047 21085
14898 4267
6642 1181
21103 2799
3291 2799
22839 13472
28292 5293
16834 1051
28879 11184
15703 11655
22921 11040
20536 16190
24478 17502
24241 14140
27501 10148
7631 4267
14566 5048
13120 8726
9805 6208
27210 13633
10917 3184
30023 17000
19798 11827
10531 5293
15776 6642
27388 11646
22921 4357
17000 15703
20536 14363
13679 10531
11505 5338
23367 14140
29226 536
22921 484
18396 11184
20536 7584
28349 1051
8681 7751
23115 9805
7582 5356
20536 13053
21452 7045
23025 16008
14951 2432
27388 25387
23108 6642
8726 953
19070 9253
28394 4267
7802 5293
24365 3438
27026 1490
28138 8389
28591 20221
28386 8610
5999 5322
28611 20778
25800 9151
21193 9765
25542 12804
29808 21085
10394 9151
28016 5493
28872 18104
27100 22047
24608 8176
14363 10917
11184 3040
23115 11505
23025 2108
27867 26382
21901 8681
22839 10168
27204 24608
23250 22839
21035 20198
21085 8702
11505 9501
22782 21103
22438 2729
18444 7045
13227 953
28845 4361
28349 7478
16443 2381
27681 7478
16542 9157
14951 2994
18444 1225
16624 15117
21035 7478
5999 1505
6642 4113
11061 6811
11505 5053
28879 24478
23025 18104
5999 3418
18114 13105
7045 3510
28016 5322
18104 9738
19698 1490
22921 20778
21035 15117
28611 2434
11040 2729
21085 10148
28845 2434
15738 7978
27204 2994
24076 5338
27210 21010
27100 5932
29286 14418
30023 8726
7582 930
27026 10168
30206 5048
25800 1014
7045 4852
9738 8176
17000 10917
15947 11505
15588 10994
7918 2799
22921 7751
27026 25335
28872 14140
23748 8370
7582 574
20778 14210
20536 8176
8610 3418
14140 12708
22531 936
26443 22921
23367 4260
20339 6451
28016 13719
24608 21063
23367 8389
17376 7045
10148 3851
18865 5620
21648 7045
15776 8176
29926 28394
23931 7576
17179 8145
11505 3016
12533 11184
16624 2799
24365 7416
24365 16443
28107 5356
29286 5654
1511 1014
13811 7416
13811 3851
16443 8538
29774 5999
7478 2434
18114 8201
2994 2434
8423 5293
7069 4988
7631 3083
8176 5216
17099 14566
14047 8176
24478 5048
16561 4363
3499 1132
25510 20536
22782 190
25745 4975
23025 20018
21193 7478
19132 8681
7582 7386
22921 21063
25387 1490
27876 3438
21890 11093
14210 13472
13461 7416
25800 13105
17000 6642
11505 2381
13954 12479
14759 5029
9805 6642
28349 16834
22839 9738
14210 5999
28845 13120
21755 6412
18444 11505
25800 2434
21232 536
29033 11505
22921 9738
29286 9409
27867 13719
27388 16369
13227 3851
20502 14759
9409 1490
29078 22839
23911 11505
22921 22839
16937 13954
9151 936
4357 2021
25429 12436
25800 21964
27100 7416
23025 8610
16369 15420
25861 11505
24365 9013
28394 27100
4260 2434
23025 9812
28872 1086
30023 14047
9409 967
28175 3291
25263 6208
21103 574
11505 8999
27674 15776
15703 10917
22460 10413
9151 8610
12708 2010
20778 7478
25094 23720
16542 6775
27501 13472
13814 6451
22921 4645
20536 5278
18782 8201
10531 1155
28768 15117
16691 484
22531 11184
21215 3184
8389 7478
16453 1086
11040 1155
13719 3600
7045 2346
29286 18114
18201 5654
25084 22921
28349 5356
17654 3418
9181 3510
20717 14047
30023 23025
5048 3499
13954 2010
25800 9501
16369 8176
28204 14041
12564 5293
30023 7478
17519 2432
24039 19994
21085 5999
21103 1155
26679 3280
21085 930
29286 3600
27867 23025
10317 7045
8726 4623
10168 1490
28394 7478
28568 5053
27140 12564
7069 7045
25745 11509
7478 7386
27501 20536
19985 8417
25800 7849
24365 23931
27026 9253
27204 7864
22921 3083
19798 8538
26516 8627
6642 2121
29286 7478
7416 5493
9227 7045
7045 4260
9151 6579
5053 73
16453 9501
8621 763
14759 14140
23367 12563
1562 1155
9242 8389
28872 10413
27100 22921
29226 14759
17309 11509
24478 22921
28879 24365
28394 15164
28175 14759
15381 13472
15164 6642
13954 5654
28872 22460
12436 9805
13699 3083
25387 11184
7225 1505
26516 21362
28845 15588
20536 11505
27305 8681
27204 2278
17502 11505
16558 9151
21531 936
15588 6642
20536 11655
20181 9151
11591 536
23367 22047
8681 4601
21966 19985
21085 7478
10317 3438
27100 19923
25800 5029
12000 8681
21362 20536
21759 4357
30206 1181
18318 11505
11184 7751
22388 15776
28879 14140
28879 7582
22921 1155
18149 13461
28016 14759
28292 4267
18201 6027
14140 12026
7045 5048
14759 2528
16742 11505
17099 11505
2035 1515
22438 19132
27388 9242
13472 8050
12026 8481
25800 11509
23931 18441
11505 5890
24608 8726
19132 4988
23115 14759
19731 8610
8370 1490
14835 7582
4267 953
23025 3184
23025 14759
14759 10917
1562 1515
17309 2010
28872 5286
29122 25745
24024 4267
29774 12000
27388 24039
23367 9227
28611 21964
26875 6642
24241 2434
28260 9738
24134 5216
21755 11505
22782 4971
20536 18185
24241 21964
19698 11505
21587 12417
27388 27026
14759 8050
24039 11093
14835 5654
17309 12708
19698 953
6251 4361
21362 6848
24076 19798
11505 1070
20536 6642
29033 25335
24449 4571
10168 7478
21964 11184
18153 2432
28386 10994
10186 8726
4488 936
24220 9409
28138 574
28016 5338
7045 1014
25745 3083
9409 7582
14047 3291
28292 7631
23025 5278
5377 5048
24241 21755
27204 6642
7751 1490
16542 3184
27940 6642
3418 930
18444 190
28611 14210
14759 4421
19994 9151
22935 21103
11505 7918
29226 7576
9151 3083
29033 4267
23025 1155
27711 1688
18444 12313
23025 19984
7582 7416
18444 5286
19719 7416
15776 7045
11505 3156
8938 1014
19698 2121
10687 1490
26516 22267
20536 10389
9812 1490
22388 9227
18201 12308
28845 24369
28872 26939
8742 7582
14047 1051
28394 7416
9409 6318
12823 5278
14759 8389
21193 1181
28872 4267
27026 16691
26509 10917
19719 1014
22782 21193
21193 14363
23115 14140
9151 1997
21085 1490
5048 4185
28872 21193
8176 5053
27867 3083
8621 8538
14140 1266
23025 17389
15550 8176
29226 22839
29078 14140
21229 21170
29078 1505
30023 4529
7864 5932
19719 9409
13053 8938
4538 3083
11887 9151
12436 190
26974 1181
23367 21085
16008 2994
11883 3291
25937 15164
5293 3438
13719 6165
14759 5053
24472 751
30023 15164
24039 24029
16542 7045
9151 5654
2729 1674
19846 7386
29286 3449
27388 24814
20018 8999
22177 3280
5890 3184
17179 3184
13227 2994
8389 5890
25745 9765
12434 11505
11887 7416
14802 393
21901 1490
8538 7307
10917 1155
13719 4267
22921 7045
22388 17376
3968 1490
26906 20536
24478 21215
8726 7307
14047 4357
5338 3968
16453 9151
20536 7684
8176 1490
26581 15117
19598 13472
8050 2021
28845 8702
13227 2010
27204 5029
28845 27153
19985 4868
25800 23911
20536 10584
3418 1155
9227 7864
26875 15947
23367 11505
7045 4868
27100 10994
29286 1511
28872 7666
12760 7582
30206 18865
22179 930
22839 9151
15164 3184
16443 4357
6392 5586
11505 8681
29226 16369
17099 12708
15155 3438
9151 8726
12708 10917
29226 3083
25310 24024
15550 7751
20576 17099
17732 1490
11505 7386
20018 14047
29122 7386
28204 17099
30023 8610
25720 22921
5999 484
19985 15786
21193 9738
22921 11265
16190 10311
21648 1051
28691 23911
14140 5654
22047 9227
12308 1155
15164 6775
20536 17978
24934 5293
28292 3083
28872 10168
13719 3499
12417 11505
22432 3438
8726 7045
22819 20536
24241 7478
12000 11655
10917 4267
9738 9559
20536 4260
15588 5278
20018 6642
27388 2021
21193 2121
8693 4260
2121 1843
24478 13472
22438 3510
9235 5999
19398 393
29774 3418
21890 4357
12708 4267
11505 5493
27153 2035
27305 5882
21193 8681
21362 10917
22177 21964
11505 7684
21193 19798
29033 21010
27100 12436
28879 15760
20536 18283
28175 2799
23115 15588
8264 3083
28016 8538
9805 190
27388 23025
23367 23115
6642 1490
7864 4260
27388 22047
20536 8285
28394 23367
6642 2994
28872 13472
23931 5932
21362 18185
29226 9738
15550 3438
20482 11505
27100 6208
28872 20576
11505 9738
13719 5932
17000 12000
17099 3040
7478 2994
8610 4421
14759 2432
19698 9151
18632 13472
6775 3184
21755 7416
25758 15420
28879 20035
21085 6392
27102 19798
8176 5654
17179 11184
21362 9501
26875 22782
27026 21890
21215 11505
28423 20576
29286 10311
28204 19984
16624 7416
21193 8538
8726 1181
17948 13125
13472 1505
23025 2121
26875 7864
29226 15155
26650 7582
25690 953
11184 763
24241 15164
8820 4357
29926 7751
21362 7576
13811 8621
23025 7478
28423 88
24478 5338
14566 10917
27681 8389
19698 3510
11505 2833
27100 20018
25800 4185
6208 536
24365 11655
15550 5293
24134 11184
2994 2432
25737 2453
8681 2957
12508 8389
24365 11505
25745 14759
29319 9872
5932 1086
20339 5999
18632 5057
24478 8050
20536 7045
18486 9906
23748 9151
4571 2799
23367 6152
28691 3083
953 936
12000 1181
25737 8726
3418 1997
12760 11505
9227 7582
11505 8098
27100 3418
14759 1824
20018 14759
20536 7751
8176 4260
19698 10168
24478 1756
17376 2994
9151 5338
21193 16742
26516 2799
19737 15588
8726 2453
26875 8389
24076 7478
27026 20339
14363 1155
10317 2346
28691 5999
27100 953
25800 9409
21362 12000
23115 15164
29286 3418
17000 7478
28845 7478
27026 11710
20416 8742
17099 5057
11505 930
9805 8201
23025 4538
29286 5932
19132 14951
27026 6642
27100 11887
29226 25800
22531 5322
23250 12564
29226 11591
12708 574
1181 1014
6165 3016
17179 953
21193 19132
27146 15164
25894 1843
5999 4267
13472 6642
21103 14747
6642 5053
27100 9872
14047 7386
25690 13954
7666 5053
6642 190
28872 21010
14759 1490
27102 11505
19719 6251
4267 2994
13472 6879
6642 936
28845 930
19798 16443
11184 5029
25084 4113
21232 9501
28845 2833
29286 6323
17948 5399
23730 15611
16882 8416
22921 15588
28394 20018
16624 11184
7416 3040
4267 2010
28845 7599
25758 21362
9409 9151
23614 3291
4529 4260
29226 17099
7620 3510
22839 7079
23115 10994
13472 10541
21232 21085
16542 5890
16008 1266
7386 5048
19985 17099
15164 10311
24241 5999
29122 20018
27674 25084
13954 6642
22438 7576
23367 7864
14759 8610
8726 7751
25387 21193
5322 936
25737 21103
18441 6642
20536 5293
24478 16369
17099 11061
25745 14047
17099 8176
25094 1266
27501 11505
24220 11184
7478 4357
27388 14759
22531 11505
30023 8538
27204 9227
22047 11887
27681 5048
22438 22059
15760 8726
23748 10917
27100 18283
17000 11505
27100 15776
28845 11509
20339 1490
22921 1490
22199 10917
16624 1511
18283 15776
10917 9501
28107 17051
9872 2021
22438 16834
24039 16759
30023 25429
11184 8726
28845 21193
21362 21035
21215 13461
27210 21193
11505 6451
28872 21964
18238 3851
21964 7582
11886 8726
22106 14312
15164 13227
26875 7582
15381 11505
28879 1843
15588 1155
13461 2994
29226 24241
2994 953
19846 4267
6165 2892
20536 7416
21035 17732
6165 5057
14759 7045
17099 14140
21085 8389
9385 2434
30023 3280
24608 21452
28690 2453
22267 4421
28872 1490
22839 20502
14759 12308
29286 1515
24365 23025
29226 21362
13472 8693
18114 5048
15760 4357
17099 15588
28386 21085
11655 5999
22451 8702
10413 1155
20536 9738
27026 5293
17179 11505
12689 2432
8693 7045
24076 13534
24478 3083
28394 7582
21648 2434
17099 7849
13227 5999
22921 6787
16443 11516
12308 8481
29319 16542
8389 4357
21362 5896
20502 15588
8610 8481
20536 8370
27100 393
24608 5999
30023 8423
20778 15776
28845 25094
26516 14047
7478 1756
23367 930
24241 20778
19798 15164
17948 5356
20778 9812
29286 29226
27305 20502
27681 21193
25894 12313
18104 4975
23025 13461
18238 16369
5932 4260
8621 6642
25690 12308
19798 4529
20536 10638
5896 3418
16542 9872
13472 4113
29226 23367
24445 2994
21010 19985
25429 15164
17000 8726
15164 3040
5029 2799
27100 4267
11505 4113
24478 22059
9805 5048
14210 1490
24134 7478
19731 1058
29924 11505
28879 13472
21193 18104
10531 9738
18318 13954
8264 4645
21085 10917
8370 2994
27102 24478
28845 1155
10311 2021
20536 7849
27501 1562
23025 6027
13472 3184
21103 2957
17309 11505
7582 5999
10531 8098
28611 15164
15381 12531
7416 3438
28175 16369
4267 751
27100 1511
15776 2346
13719 1490
23748 12000
21193 1155
15164 11184
13461 11505
27100 12417
3291 1843
14759 3572
25800 1490
25690 5654
28498 3499
23025 12689
25335 23025
27388 15611
23367 18441
22388 11505
12689 11505
23025 22438
23367 5493
4852 2432
28872 25335
8176 930
10821 2994
9738 4361
20536 13105
24076 20536
25310 18104
15776 7416
21035 1086
25387 5029
25094 14835
13472 2434
9151 5048
19737 2432
29814 8681
24608 13719
13461 5048
23367 19994
15164 3418
6811 5932
14411 1225
22782 17376
13472 5654
28386 27100
28016 7582
27026 9385
22177 20018
23720 23367
20717 4975
29033 23025
10311 7478
4623 3499
21103 393
24449 8702
29286 27674
23748 17654
11505 4260
27210 22782
17179 5029
27100 7478
21193 4361
24478 1843
18318 15776
15786 8417
16369 3418
27711 15290
29319 27388
23025 1132
10531 3083
15786 13461
28394 27388
21452 11505
25861 9157
9409 7478
19798 14759
13227 10323
28498 6775
22921 16369
8176 4361
27100 13461
8389 5048
21103 11505
17654 1490
14759 3600
8176 5338
21964 15164
28879 15776
5493 3510
28872 5999
10994 4357
18201 953
21085 12708
7576 2278
11184 5338
26516 8176
21035 190
24365 4267
29286 20339
20778 13472
21085 12417
19985 18201
22047 7582
14759 3851
25310 15164
19719 7045
28260 3083
20739 8621
17864 16561
15760 11184
24369 11505
27388 11184
13534 2994
18319 15164
25720 23367
21890 8176
20536 12708
13719 9227
25335 11710
9151 484
15381 13461
19622 2994
8416 2799
22388 18240
22199 1181
15550 8681
29319 6775
29319 9151
27501 15588
27210 4538
18238 1505
29226 5493
20536 9805
11505 8416
29226 3851
19132 2799
17732 3510
12708 8176
16369 11505
26516 4975
15786 15164
22839 1262
19398 3083
7478 1086
24369 7478
24478 2434
28845 7386
23025 12308
14759 8726
11505 484
8999 2994
21964 19070
22839 13966
19798 930
5048 4868
18283 9151
27501 10917
16369 5057
5493 4267
28016 7045
22177 21103
25690 7582
11710 11505
25758 2994
12533 6775
4260 3184
23025 21010
12073 2434
9409 3291
25335 2108
25800 5999
5620 1155
6165 5338
22782 15381
14047 4995
28845 4357
19070 1225
13461 6642
27856 21085
27867 8610
27146 4538
23025 14047
9151 4694
8610 930
15381 1225
29319 24134
15164 8610
28845 8726
28691 18104
16443 7416
6775 5338
14140 1756
29286 8481
11184 7478
4361 953
14835 14140
3510 2108
14047 6642
17654 5999
28872 9151
15588 2432
14759 1515
25084 9805
28349 15164
29122 9151
6579 5048
10168 6642
27102 3184
22782 4988
22839 15947
9227 2278
27204 2434
8176 7864
21010 8610
18444 10311
21035 10168
17179 7386
27204 7478
18632 9151
27026 12507
13461 12689
13954 9253
29286 12000
22106 13461
27210 2994
23517 11184
22388 2799
28845 13461
30023 3499
14140 5338
18632 13227
14047 8423
25800 8938
16882 1505
27388 6165
24039 4267
21035 6323
22047 20974
17519 1490
20198 2021
28872 18201
12689 1155
19698 10317
23367 1511
11505 7849
17209 3156
14835 11505
15588 2994
7864 2278
28964 28872
25335 2799
21085 9151
26679 3510
8285 1843
13534 5048
25758 3184
9151 190
15776 7386
23729 19062
13531 5293
17258 13472
3418 1511
29286 930
20482 3968
17946 15588
24449 20536
10191 1490
6208 2434
24039 17376
10148 7478
29814 16542
22782 5620
27026 16542
21193 21010
28691 21362
22819 1706
23614 1490
27210 24478
19398 9738
10311 6323
10531 536
18441 13719
8423 953
13472 1051
26715 8610
28349 8681
14951 8621
14759 8423
21890 15164
7582 2434
25720 930
22047 4260
10917 2994
27388 24076
5048 1181
27102 8693
20536 2723
26296 22388
15776 8264
29926 27388
27388 3040
8726 5999
21890 1490
29226 3418
15381 936
14951 10531
27204 3851
14759 6165
8164 7045
7582 4357
20198 13472
20778 15164
15776 7666
26296 18240
10148 5293
23610 17099
26679 3572
17000 5286
4361 1490
28845 18704
27388 21215
24024 2434
4361 2994
16691 7045
8836 536
25800 16022
27204 1490
28276 1490
28386 9227
28204 13053
25800 4694
29814 25387
24134 5048
24021 20536
21193 7918
4267 2432
13472 1843
13053 5048
20536 9872
29319 1490
22839 5053
15164 13954
25800 4488
11505 1674
10821 4728
29814 27026
21964 13472
23367 18104
21755 19737
10389 6642
21193 6775
22921 930
14835 9151
30206 21193
27388 2994
23108 10917
22782 7386
1490 936
3510 1490
9227 5932
23614 7582
29808 22438
6323 1824
21648 14047
23115 13954
25800 3467
27867 3499
6642 2892
28845 14140
25429 22921
10917 1490
24369 20536
21085 7386
27681 953
28204 23108
24234 14759
17179 7576
23367 12308
8726 1086
2994 393
9151 1086
20665 9872
23025 9738
27026 8621
29033 24478
11093 3280
23025 15776
28845 7416
18632 5493
17000 12434
16022 5999
15550 15155
24449 7416
3184 2121
30023 16443
13472 9812
14759 9385
21964 1505
3438 2346
23108 15381
20502 17732
8176 7582
23025 16561
1756 1266
11505 7416
11505 9805
16022 15164
7582 1490
27388 20339
11040 1515
8726 5048
6642 5293
23025 2453
28016 6579
27501 17732
25429 16022
15381 8176
13472 10311
20974 5338
27100 2434
13227 6642
21964 7576
18632 3040
28691 1490
25348 7864
29924 8681
21232 11505
18201 14140
19985 14047
21966 21193
29286 17000
14312 11655
22106 7416
21362 11505
25335 20958
1490 1086
24134 11505
7478 4113
21362 11591
22935 20416
13954 11505
28964 13232
15164 953
17376 7478
29286 21362
21232 15588
9227 6642
12760 8389
17946 4113
29924 27026
26443 9253
29286 14759
21215 5890
9765 5048
15588 1688
26974 3968
24365 15155
2994 1688
24039 20536
22438 10917
7307 4357
13472 8417
23931 23367
20536 5896
20665 20536
22438 11505
22179 20536
14759 14747
24076 1490
13472 3418
6642 2021
23295 21362
29226 13472
27100 8726
9151 1181
25800 2346
22438 15588
24076 16542
15588 5493
18149 3184
24540 23720
18201 6879
23367 20416
27056 20536
28879 2021
7582 2994
7416 751
26516 8423
22531 8538
18632 953
21085 20536
21103 16022
24478 21890
16443 9328
21755 9812
18201 13227
23911 7582
19398 14759
8938 7478
30124 2434
23367 3184
28872 12531
22839 16453
7045 5399
29286 8176
10311 6251
10311 6848
17000 7045
24608 24039
20536 9409
11265 10917
6027 1490
27388 2346
28292 6642
22782 2035
11093 1490
29814 8621
25429 10531
21964 12308
24478 13125
11505 1086
27100 5654
25387 19398
25387 24076
18444 17000
8050 2799
12436 12417
19698 5932
23025 14210
27210 4357
26875 6318
28204 7478
21648 13472
30206 5890
28872 28394
28845 24365
22921 10896
7045 936
21215 8610
8145 8050
24134 21193
20536 10186
27674 2346
26592 18104
22921 15776
20018 15588
27100 24205
27681 16369
8726 8370
20536 8416
21890 1820
29808 6451
22199 12000
19698 5293
28138 27681
28872 9738
29319 11184
17376 8176
9501 1014
27100 930
24478 15550
17099 3851
8176 5278
17099 10917
25800 12436
28175 22839
27210 2799
22921 17978
18632 7582
20576 16369
24540 4267
16542 10186
13954 5322
22782 9738
29286 2799
29286 25800
17929 5048
28879 5029
17099 2121
15776 14210
7608 2994
29926 24024
14047 7045
27501 27153
30023 10531
27940 23025
28845 19798
22388 15381
27501 3851
18886 17948
19270 13836
22047 10994
27711 11184
6642 6165
6642 5048
7925 6251
17000 15155
24365 17179
29078 23359
3510 1262
23614 8621
27388 22921
19984 10541
20198 7478
22388 13472
23367 12000
26923 26678
8726 1843
8481 7416
28386 11505
21193 18201
4538 3851
29286 5620
28260 14494
12308 1511
18153 15588
29286 5278
29286 15164
22047 15776
12308 3418
10394 2453
11093 7620
29814 2021
15381 9738
24365 2799
11591 11505
22839 8176
14047 11233
28879 12313
3291 936
3291 190
22921 4988
12708 3418
17099 8389
16742 15550
9227 2434
21035 9409
24478 23367
18104 13472
15155 5278
21035 9738
22839 2121
29808 21759
9501 9409
29226 27305
22047 7576
21193 14759
21085 12000
27388 7045
20536 10317
21103 13461
11886 7864
28175 20181
13954 5999
13472 5999
21362 8423
14951 3291
8052 1181
26875 13227
16369 9738
25335 21010
30023 26516
