24088 17433
15122 9488
17704 14775
11168 2276
12795 8162
28681 18567
23327 12636
3559 3275
20848 10300
2224 1519
19928 373
25618 2524
15573 6756
29769 28353
21301 2873
15600 168
28714 12636
25557 12894
23674 735
28017 25853
29982 4133
11420 969
28428 2236
14904 6000
17881 5356
15122 12931
25784 23674
10917 9488
7294 1348
9488 1404
5813 1748
26056 12760
1748 224
18357 4678
25618 16864
29191 1748
21334 12651
28513 26585
17449 11614
26367 4869
24088 2642
14177 11168
21704 12463
15122 168
22663 13801
27337 5488
25844 12533
28513 969
20848 9290
27766 26647
29570 25557
29226 17449
22617 3275
17449 6756
11701 1362
14166 6817
13373 12074
28681 26367
24229 5136
24088 21704
12636 1404
24229 18633
23674 19357
29938 23179
17096 9285
21604 10278
24088 19535
23674 12651
25081 1680
28753 25697
16555 14904
17552 5488
2276 493
29191 224
29982 9068
17552 9175
29769 25081
25844 5095
28753 28353
2873 2224
29467 17449
28872 28458
12760 6000
23595 21604
11608 2276
9488 168
17462 2642
25844 13658
11608 11168
5813 168
28017 9409
29570 21781
17096 11427
15573 2419
25372 493
29191 14792
29982 21301
24088 19739
17449 15573
29938 28681
28872 7889
25618 4078
29226 2419
12463 2305
11168 767
21403 3275
17676 8428
15122 3589
11608 9175
22164 13373
9409 1362
13373 4869
17552 9285
21781 2642
23674 18754
14177 11608
27350 11641
12636 3299
21334 2873
2524 2250
19606 9351
22663 17676
28872 12707
28463 13373
5496 360
18248 4869
23674 1586
29191 22164
30075 22121
17813 9068
22354 11608
12116 168
12707 1293
19357 6756
22164 1680
29226 3589
11226 4011
22354 493
23309 5490
12761 7198
10917 10278
22121 7575
29191 5136
23409 11614
29858 13373
25844 24483
21312 14708
10278 3589
26585 20671
13801 8147
28017 23409
6756 6000
23502 5813
11608 8089
29226 7598
17813 2642
15671 9443
11701 7889
29858 17813
25204 20048
22849 8162
28353 15122
22529 12636
28872 24229
24229 12707
12824 3589
26056 6000
21604 4282
8089 3186
24229 6000
21604 5813
7294 2524
28681 7889
19874 6887
767 493
28017 6000
20232 977
12116 5813
18754 13373
13801 8428
24929 2276
17019 13110
29982 224
22849 12795
29982 29858
22849 7207
21334 17813
23595 16531
18633 8620
27337 11608
18391 5356
28681 9409
13377 12707
28264 22164
16531 10278
21604 3589
5095 2253
22354 9175
12463 6709
6756 3093
26367 11427
13373 224
12894 347
28753 15122
21144 14775
3186 767
23455 18567
12760 1519
28707 8938
25784 11482
28017 2642
2873 799
19386 18093
25697 1142
5488 2276
28810 25844
27337 17096
23674 8878
19928 5136
29570 12533
14775 3299
6000 2224
25372 11608
22354 11168
9175 2276
16531 15122
21604 410
25844 18093
25557 2998
8162 6000
9531 6671
11482 2524
13373 2873
17676 1902
9175 3186
21334 17676
4282 3589
24256 17813
23674 11614
23674 11253
29464 7996
30076 28017
25844 735
20848 2276
22354 5488
28463 9068
9409 7889
3589 168
12533 10300
26585 4678
14803 2873
16862 13110
9175 767
11608 9285
22529 3275
13123 12116
6653 1902
20769 2224
23674 18180
23674 2419
15573 6671
14904 7207
28122 7575
20769 10584
3589 1404
7828 5496
23409 15573
26105 5356
28286 22164
14422 6000
28714 838
17096 11168
23674 23145
29191 28463
14177 493
11168 8427
27350 9662
9285 2276
29858 9068
18162 8878
5488 767
11168 9175
17552 767
25204 7889
9285 5488
15122 1404
25557 2305
14904 224
13373 12200
6000 1404
23455 18877
28224 12533
7889 4869
23502 969
12448 6257
12116 1293
29662 6653
3708 3093
29938 24256
25853 14904
17704 977
27350 4012
29570 2857
27350 17433
28061 26569
28463 224
20949 11168
27350 17096
25372 8089
18180 7598
15573 11614
18093 17676
28017 14803
21403 838
18093 1902
22270 2264
28872 1902
29191 1902
25853 7207
9488 5813
2285 735
25204 18248
14904 1748
29570 18248
25557 12463
24229 12116
21144 12636
27337 767
29570 25081
9409 4169
10917 5813
25844 9290
29226 16654
29226 14018
29938 7263
6887 863
4978 1519
14177 6817
17676 8147
26585 10584
22121 1680
28681 25844
20364 14018
12116 4282
27350 168
23502 5496
3499 1748
12651 2224
27337 14177
24291 8427
19739 3708
16917 1638
29226 19357
27337 8089
11253 1404
20848 20671
16531 9488
9443 2873
23409 19357
29226 13373
28017 2419
29226 23409
28872 9409
10917 8475
9285 9175
23409 2419
19386 1902
24537 21301
29570 23309
14803 5490
11370 1902
21604 1503
18633 1293
21604 21334
29858 1748
21334 9068
21604 13801
14904 8162
26209 4869
26585 7598
9409 2177
23674 10899
11701 9409
18357 7598
27350 17141
10917 168
28714 21604
23455 13459
11701 977
13373 5496
12931 4089
9175 5488
21604 7818
29938 17813
25853 6000
9285 8089
21665 17676
22617 15566
28746 18633
10917 3557
28458 28017
24229 6756
9285 493
23674 6756
13110 11778
20409 8938
22103 19386
15761 11641
24483 735
26569 12116
17096 5488
23674 17782
27337 3186
21829 2998
21224 3093
26647 26367
12112 977
17676 17096
12116 493
26206 20409
23327 19168
17462 1404
21278 17676
28017 8162
14422 14353
11608 493
29570 19386
29662 20423
27337 2276
17433 3093
27350 20955
10917 4282
3582 1362
25844 6257
9488 3589
26105 24498
28353 25081
17763 12112
25844 18180
19386 4282
25204 9409
18877 12894
14177 3186
6114 1748
26087 6329
23179 17462
23595 12116
13974 9409
26585 23309
17676 2857
28784 11370
19739 17433
27506 5906
28872 1293
22354 767
29191 28458
23502 14792
26549 13373
25372 22354
25372 11168
28810 9290
18719 9531
29226 4678
20955 20793
20955 9409
5136 3499
5813 3589
8309 2998
17552 493
28353 22121
17433 4078
22121 16604
29858 224
20423 6653
28681 735
22727 17096
14904 838
21604 12651
28349 7575
20409 10300
12651 3275
11168 8089
13801 7818
28746 7899
28714 21403
28224 27766
29226 10899
23595 10278
19874 9409
24229 493
24229 19928
9996 4978
30076 7889
18248 1519
27350 23309
16864 2524
16864 4078
17850 7294
20955 2177
25844 21739
19874 863
11168 3186
3891 3299
29917 19606
10552 2524
29570 21278
14904 2873
26367 7889
15761 15122
28286 18754
13974 4169
25372 23674
13373 10899
17813 17462
25697 6000
17704 12533
29858 29226
23502 7251
25372 767
19874 13974
12707 8475
23674 17433
14775 2224
29452 21634
28017 11614
15122 10278
11614 2419
12707 7575
24088 3708
21334 1748
16531 3589
15122 5813
29191 9443
14708 8089
17462 11253
30075 7575
12761 9735
28224 26647
27350 16531
23502 6000
11253 1586
29769 28264
29226 21634
26585 20848
21036 17763
24256 2642
4089 1902
3186 493
29226 15573
6000 1748
19739 4078
28872 18093
9409 7818
22354 8089
18860 9351
24698 13373
23674 18162
30076 1362
23595 15122
15600 9488
20510 1858
21604 12116
3499 2224
26585 23674
28872 11701
25844 2253
9488 4282
1586 1404
27337 11168
29570 21665
25372 5488
20769 2873
21403 12636
25853 12795
22103 1902
21665 2857
4078 2642
16531 10917
28211 20409
27337 9175
28017 5490
16862 11778
28714 3275
29858 28122
30076 11701
13377 8475
9351 2224
14775 977
17096 16204
12795 1404
14587 3582
26647 19293
28784 1902
23785 13373
17552 3186
25204 360
27337 25372
27350 9488
21604 15122
29226 22849
26585 18357
11608 3186
29570 10300
14177 9285
16917 9175
16531 4282
22663 21278
7575 5496
23674 7106
28463 14904
28463 17813
7207 1404
14177 14166
30076 25204
28681 16895
18719 6671
29191 19928
8428 8147
17552 11168
18868 13377
10278 5813
16568 6671
28017 6756
25372 3186
29858 22121
28017 23309
25372 17096
17656 14775
28681 28458
12707 10917
28707 16654
18162 12651
28707 5136
23309 14803
29226 18357
30073 12116
16531 168
26056 1519
21334 4169
29740 22663
28681 17096
28349 2720
24256 23179
30076 9409
22354 17096
17433 2642
8576 5095
27350 6756
22164 22121
17763 977
15600 3589
28681 17667
26206 12533
29769 22164
25697 14353
5813 4282
15600 12116
12651 838
19386 12707
9068 224
29858 29191
17096 9447
4078 3708
1404 168
25844 1129
21334 224
14904 9351
28714 12651
26056 11930
27337 493
29570 26206
21779 15122
28353 22164
18831 16568
13373 9068
27337 17552
20671 10300
1293 493
29467 2873
23502 1748
19400 8427
28280 1419
29226 11614
23595 10917
10278 1404
15600 4081
29452 29226
12894 8309
12993 5669
28513 20671
23595 1404
11614 2642
29769 1680
21334 838
14904 2419
27350 19739
13373 8475
7598 4678
28810 9351
13801 2857
1503 410
10917 3589
9285 767
6257 2452
26056 19874
12116 10917
15122 4089
20048 1404
8162 7207
5488 3186
27350 21604
29191 15671
11253 7575
21665 21278
28681 11701
29858 21334
24088 3093
19739 3093
20793 16654
17850 8938
18860 14904
21403 21334
10278 168
1858 1419
29191 12112
11420 11226
30073 21604
12651 3299
24929 20848
14775 12651
28306 3708
23674 1293
17704 7024
23674 12636
12463 9531
26056 4169
27350 15122
17462 1586
25081 22121
29570 22893
23309 19386
28707 17850
25844 1638
13373 3589
27350 14803
14253 1902
17704 1293
23674 3275
22663 21665
30061 19170
28211 8938
5278 2285
13974 1748
14177 767
28872 493
20907 9987
16531 15600
23674 18877
12463 6257
28463 1748
29570 4282
10278 4282
17813 14904
15122 12116
19535 16338
23674 15419
22529 2419
28707 20409
5136 373
5813 1404
20793 9409
15600 15122
22663 2857
29858 2873
26105 3773
3557 1638
19546 7591
17813 224
8089 2236
28707 28211
15600 10278
7889 1362
25204 11701
27350 24229
29570 8309
29570 13801
17378 12116
17704 12112
25372 9175
29226 26585
9068 2873
29191 14253
17813 1748
9351 3499
3299 2224
28639 3499
11625 2236
15600 1404
28536 5488
21604 14018
24537 2873
27808 12112
17644 4616
28681 1362
18719 12463
6653 1404
25919 4978
26206 10300
18567 17667
1519 1293
4078 2524
23674 22529
29982 24537
13377 10917
9175 2524
20409 17850
28681 16204
23455 12894
27766 12116
21665 13801
3186 2276
23396 11482
22182 22121
12651 8878
27350 1404
16531 5813
25204 1362
17813 2873
28681 24483
7889 2998
3275 838
2276 767
14904 14873
28353 28264
7575 5049
28367 1348
21604 10917
22211 12463
7575 1404
28211 17850
29226 6756
23502 7024
27766 17096
21312 8089
27350 13110
30075 29858
22727 20955
19357 11614
29396 14985
15122 1902
28264 22121
30075 28122
20409 12533
17552 11608
28367 7294
25204 17704
29570 26585
13377 7575
22182 16604
24088 23674
28872 1362
24229 1293
28681 4869
10917 7575
19357 17449
28513 10300
14018 7899
21704 18719
21334 19874
21604 4078
22354 14177
19546 3093
14177 2276
18633 13373
24088 11420
22354 9285
10171 9662
27350 10917
11701 7818
2642 2419
23674 19243
12636 838
26775 15419
18754 10899
9285 3186
17096 16895
30076 28681
22103 18093
24256 17462
11168 5488
15211 11382
22354 3186
26647 17096
22727 17141
23674 23409
28714 21334
11168 493
16895 16204
19874 4169
29858 14873
24229 373
28365 8319
17096 2276
20793 2177
27350 23595
16531 12116
29769 22121
21604 15600
6114 3499
8089 5488
24929 14587
24483 4978
14253 6653
28810 23309
15122 12200
29570 22663
28458 7575
28280 1858
17378 13123
29226 6257
23785 11420
28017 19357
28017 11701
17096 16864
12894 2998
21604 9488
21604 16531
26056 23785
29226 18754
21144 12651
20949 10917
14904 4081
18248 13373
28872 9471
18567 13459
11608 767
27350 18467
12636 2224
28507 2271
21278 2857
12116 3589
25372 9285
28349 5356
28463 2873
25372 2276
21144 2224
21224 19535
4078 1503
8089 2276
13679 7889
15122 10917
28017 17449
28017 1404
28458 8089
9409 407
26367 19293
12116 9488
20769 799
25697 14422
10278 9488
30208 3275
12760 2224
12116 1404
28264 25081
12116 10278
22849 1404
11168 9285
11614 6257
12636 858
4011 977
22202 7575
20769 18633
16568 15573
14177 5488
20848 15600
25844 11614
9735 7198
28017 1362
23595 5813
6000 5813
25557 8309
23453 7818
24088 4078
18633 7899
28810 26585
23595 3589
11608 5488
22121 1519
17019 9662
28681 25204
14904 9068
19243 17782
29396 23500
24698 13377
21278 13801
29226 28286
25844 20848
21334 2452
17449 2642
17552 2276
17096 10340
11427 9447
29191 9068
28264 1680
21604 21403
29858 28463
25372 7575
28872 19386
4282 1404
7207 6000
27350 24088
11614 6756
13110 4012
22617 2452
4078 410
15110 7910
28171 23214
28463 21334
29226 16917
6756 2419
17813 17676
23041 1902
17096 11608
24483 3773
23674 4730
25204 7024
23502 1858
10657 9905
9068 1748
14353 6000
28810 3499
28224 25844
23595 168
16309 4978
24929 3582
26105 17881
21704 19535
11226 3499
8576 2253
3708 2642
15671 2873
28286 13373
28353 1680
23595 9488
2873 224
8475 7575
27350 15573
21704 9531
7591 3093
12651 12636
23409 17449
26056 2224
16309 9996
25853 1404
27337 9285
7034 2224
28286 10899
26585 18180
28872 12116
16309 13110
29226 9175
25853 8162
12931 1902
15600 4282
20048 7024
5488 493
22354 2276
24483 1519
27350 10278
25204 4869
29191 373
28061 12116
29982 28463
17449 2419
28280 23502
29191 27766
26585 24088
2224 799
20232 4011
21403 12651
28753 1142
12707 12116
25853 22849
12636 3275
29570 20409
22354 17552
19739 2642
18093 13658
21814 11918
25081 22164
29982 25008
23179 2642
30076 28872
3275 2452
28428 8089
23502 1419
18633 10584
24229 3093
29858 16654
28707 3093
13459 9905
26056 858
24291 11168
3275 2419
23453 9409
12463 2452
4978 1293
29226 28017
27337 22354
23309 4282
28872 17676
14712 2700
21604 168
27350 15761
16531 1404
7575 1586
4282 168
17096 4078
23179 17813
23674 19739
28681 8089
19357 15573
23674 7034
19357 2419
25844 8576
21144 3299
25784 2524
12636 2419
