31 6
89 11
74 65
92 16
57 50
43 3
65 50
46 12
85 63
68 25
90 42
93 15
58 19
97 52
80 12
61 38
9 0
83 9
48 37
69 38
73 35
37 13
94 54
24 14
81 35
62 31
87 13
52 17
74 2
3 2
77 55
28 10
50 27
31 15
89 12
40 29
91 13
85 56
68 0
90 53
72 55
93 8
58 26
97 77
80 3
44 25
83 14
66 42
86 41
69 47
73 36
94 57
59 9
24 21
81 36
62 6
49 43
87 10
52 24
91 79
74 13
38 31
77 48
28 1
85 80
89 21
53 7
40 4
92 73
65 12
46 30
68 15
90 60
54 46
93 1
58 37
61 56
44 16
66 37
88 74
69 40
73 45
19 17
94 32
59 14
81 29
62 9
13 6
87 3
91 68
74 52
96 9
77 41
25 3
28 24
50 13
89 30
53 0
75 31
40 11
7 4
90 7
73 69
19 1
93 26
58 44
61 49
44 15
83 28
66 60
47 2
86 59
69 17
91 44
94 43
59 7
62 48
45 40
49 45
79 77
87 24
74 63
38 9
96 0
25 4
63 19
50 4
53 9
75 20
65 30
46 40
16 11
90 14
19 6
93 19
58 55
41 21
97 80
79 32
44 6
83 37
66 55
47 11
86 50
69 26
91 37
56 1
59 28
81 15
62 59
77 74
84 12
49 38
87 17
74 38
38 0
96 7
25 13
37 17
63 24
75 67
75 13
29 9
51 36
16 2
90 9
54 51
19 15
41 30
35 30
79 41
83 42
66 14
47 16
86 53
69 3
92 85
91 58
56 8
94 21
59 21
42 39
81 0
45 26
84 11
67 53
87 46
35 28
92 91
96 30
60 12
63 1
53 27
75 2
39 24
57 16
83 66
29 2
51 45
90 16
54 10
58 57
41 7
79 54
83 51
66 9
47 25
88 38
69 12
91 51
56 15
55 41
94 28
59 42
62 37
45 19
67 58
32 8
87 39
74 40
96 21
60 11
71 67
63 14
50 49
72 30
71 62
88 83
75 59
39 17
97 10
26 6
83 75
29 27
51 50
65 11
90 27
54 13
72 62
41 8
79 63
83 56
66 0
47 38
88 45
87 79
91 8
55 38
20 4
94 7
59 35
42 41
62 44
45 12
84 25
67 35
32 15
87 60
35 10
92 41
72 67
96 44
60 2
63 55
85 6
50 40
89 67
71 55
75 48
39 14
97 3
80 69
26 1
83 80
48 30
29 20
54 4
6 2
79 4
66 27
88 52
87 68
17 8
91 1
56 29
20 3
94 14
59 56
42 16
84 32
67 40
32 6
87 53
77 66
92 32
57 2
96 35
60 25
63 60
11 10
85 15
50 35
89 68
72 12
71 44
75 41
39 7
97 4
80 60
26 8
48 21
51 0
73 19
54 31
79 13
30 20
88 59
17 1
91 6
56 36
55 52
20 10
96 75
59 49
42 27
84 47
67 17
32 29
87 50
74 69
57 11
79 69
96 58
60 16
43 40
63 37
11 3
85 8
14 8
14 12
90 69
71 37
36 25
75 46
97 29
80 51
61 15
26 19
48 12
51 9
73 20
93 73
79 10
88 2
52 40
91 31
56 43
55 13
20 17
96 66
59 54
42 2
84 54
32 20
89 37
92 54
57 12
77 21
96 49
60 47
85 17
68 63
89 86
72 58
36 0
75 39
80 42
61 8
48 3
51 14
89 77
73 29
93 66
94 80
79 19
27 9
30 6
88 9
87 83
91 20
56 50
55 10
96 89
77 25
42 13
84 61
67 31
89 46
92 13
57 21
21 7
60 38
43 38
8 4
63 43
85 26
68 38
90 87
71 27
36 15
93 42
92 79
97 47
61 1
86 11
69 65
73 6
93 91
94 91
79 24
27 14
49 29
30 9
88 16
55 3
96 80
84 68
67 4
89 55
92 4
57 30
21 0
88 62
43 31
65 46
85 35
68 45
72 40
71 16
93 35
58 7
97 32
80 24
61 26
86 2
51 28
15 2
73 15
72 37
93 84
94 66
81 63
27 7
55 24
96 87
77 11
81 72
84 67
67 13
31 19
89 56
92 3
57 39
21 9
60 52
43 20
65 39
46 3
85 44
68 20
90 89
71 9
93 60
58 14
39 32
97 57
80 31
61 19
48 40
12 6
69 51
15 11
73 48
37 26
94 69
24 1
81 48
49 15
88 30
52 12
74 17
55 17
77 4
6 0
84 74
85 68
31 24
89 1
53 43
92 26
57 40
40 16
37 19
60 51
43 13
65 56
46 10
85 53
68 19
90 32
71 6
93 53
58 9
86 32
97 50
61 44
44 36
83 3
48 47
86 28
69 60
73 57
37 3
24 8
81 41
62 21
27 21
49 0
52 11
74 24
77 61
28 12
84 81
85 77
31 1
89 10
53 52
92 17
57 49
43 2
65 49
46 13
85 62
68 26
90 43
36 35
93 14
58 16
97 75
80 13
61 37
44 35
9 7
83 8
48 38
69 37
37 12
94 55
24 15
62 28
87 12
91 73
74 3
77 54
28 11
50 24
31 14
89 19
40 30
65 10
46 20
68 1
88 81
90 50
93 7
58 27
80 4
44 26
9 8
83 17
66 43
86 46
69 46
73 43
94 62
59 8
81 27
62 7
13 12
52 25
74 10
38 28
77 47
28 2
50 19
89 20
53 6
75 25
65 3
46 31
68 8
90 61
73 67
54 47
93 0
97 69
61 55
44 17
47 4
88 75
73 44
59 1
81 28
62 14
67 65
87 2
91 71
74 53
96 10
77 40
25 2
63 21
28 25
50 10
89 29
53 15
75 30
40 12
65 4
46 38
90 4
73 68
54 38
19 0
93 25
58 45
41 19
97 94
61 48
44 8
83 31
66 61
47 13
86 56
69 16
91 47
94 40
59 6
81 21
62 49
45 39
84 6
49 44
87 27
35 17
74 60
38 14
96 1
93 63
28 16
53 8
65 29
46 41
29 15
16 12
90 15
19 9
58 52
41 20
97 87
79 35
44 7
83 36
66 52
47 10
86 51
69 25
92 84
91 36
56 2
37 32
94 19
59 31
81 14
62 56
45 32
10 2
84 13
49 37
87 16
91 85
74 39
38 1
96 24
25 12
63 27
72 17
53 17
75 12
4 0
29 8
51 39
16 3
54 48
19 14
41 29
79 40
83 45
66 15
47 19
86 74
69 2
91 61
56 9
94 26
59 20
42 36
81 7
62 35
45 25
84 20
67 52
87 41
35 31
74 46
96 31
60 13
25 21
81 69
63 0
72 24
53 26
39 27
80 72
83 69
29 1
51 44
90 17
92 77
54 11
72 61
41 6
79 49
83 50
66 6
47 24
88 39
69 11
91 50
56 16
55 40
94 29
59 45
62 42
84 19
67 61
32 9
87 38
35 4
74 41
72 66
60 4
63 9
50 46
72 31
71 57
75 58
77 7
39 16
97 9
80 79
26 7
83 74
48 24
29 26
90 24
54 2
41 15
79 62
83 59
66 1
88 46
61 32
94 4
62 45
45 11
84 26
32 0
87 63
35 13
92 42
96 45
60 3
63 54
50 41
89 66
72 6
71 54
36 20
75 51
39 9
97 2
26 14
48 31
29 19
79 7
66 24
47 46
88 53
87 71
17 15
91 0
56 30
20 12
94 15
86 77
42 17
45 4
67 43
32 7
87 52
79 68
86 69
57 1
96 36
60 26
85 14
50 32
89 75
72 13
71 47
36 19
75 40
39 6
97 27
80 61
26 9
51 3
54 28
93 79
79 12
66 19
30 21
88 60
17 0
91 25
56 37
20 11
59 48
42 24
84 40
67 16
32 30
89 35
74 66
57 10
38 36
96 59
60 17
63 36
11 2
68 49
14 13
90 66
71 36
36 26
97 28
80 52
61 14
26 16
48 13
51 8
73 27
93 72
79 21
30 28
88 3
87 85
52 41
92 83
91 30
56 44
55 12
96 67
77 31
42 3
84 55
67 25
32 21
89 36
35 32
92 55
57 19
96 50
60 40
43 32
63 45
85 16
68 56
88 37
89 85
90 77
71 29
36 1
75 38
97 21
80 43
61 7
48 4
88 79
51 17
73 28
93 65
94 81
27 8
49 27
30 7
88 10
52 48
56 51
96 90
77 24
42 10
84 62
67 30
89 45
92 14
57 20
21 6
60 39
43 25
63 42
85 25
68 39
90 84
71 26
36 8
93 41
97 46
61 0
86 8
15 4
93 90
94 88
79 27
27 1
49 28
30 14
88 17
55 2
96 81
77 17
84 69
67 7
31 21
89 54
57 29
40 35
21 15
43 30
65 45
80 36
68 46
72 41
71 19
58 4
97 39
80 25
61 25
12 8
86 3
51 31
15 13
73 14
37 16
93 83
94 67
81 62
27 6
49 21
88 24
52 6
55 27
77 10
81 79
67 12
14 11
89 63
92 57
92 28
57 38
21 8
60 53
65 38
46 0
85 43
68 21
90 38
71 8
93 59
58 15
39 35
97 56
80 16
48 41
12 7
86 26
69 50
15 10
73 55
37 25
94 74
24 2
81 55
62 19
49 14
88 31
52 13
74 30
55 16
86 68
6 1
84 75
85 67
31 27
89 0
53 42
92 27
57 47
40 17
21 17
43 12
91 11
46 11
85 52
68 28
71 1
90 67
93 52
97 49
61 43
44 37
83 2
48 32
36 27
86 29
69 59
73 56
37 2
94 77
24 9
81 40
62 26
27 20
49 7
52 20
74 25
77 60
28 13
50 30
31 0
89 9
53 51
57 48
40 24
65 48
85 61
68 27
90 40
93 13
58 17
97 74
80 14
61 36
44 28
9 6
83 11
48 39
86 20
69 36
79 66
37 11
94 52
24 16
62 29
87 15
52 19
91 72
74 0
38 26
77 53
28 4
50 25
31 9
40 31
65 9
46 21
68 2
90 51
93 6
58 24
41 32
97 67
44 27
83 16
66 40
86 47
69 45
73 42
94 63
59 11
81 26
62 4
13 11
87 4
52 26
91 65
74 11
38 29
77 46
28 3
50 16
89 27
75 24
40 6
65 2
46 28
68 9
90 58
73 66
54 44
93 31
58 35
97 68
61 54
83 25
66 35
47 7
86 38
91 41
94 38
59 0
81 19
62 15
49 42
13 4
87 29
74 50
38 20
96 11
77 39
25 1
63 20
28 26
50 11
89 28
53 14
75 17
40 13
7 6
65 27
46 39
54 39
19 3
93 24
58 42
97 93
79 37
44 9
83 30
66 58
47 12
86 57
69 31
91 46
94 41
59 25
81 20
62 54
45 38
84 7
49 35
87 26
35 16
74 61
38 15
96 2
77 32
25 10
63 29
28 17
50 2
65 28
29 14
72 16
16 13
90 12
19 8
93 17
58 53
41 27
97 86
44 0
83 39
66 53
47 21
86 48
69 24
91 39
56 3
94 16
59 30
81 13
62 57
45 31
10 3
84 14
49 36
87 19
35 25
91 84
74 36
38 6
96 25
71 65
63 26
53 16
75 15
39 29
4 1
65 21
88 35
29 7
51 38
16 4
54 49
72 60
41 28
79 43
88 77
83 44
66 12
86 75
69 1
88 66
91 60
56 10
94 27
77 65
42 37
81 6
62 32
45 24
84 21
67 55
87 40
77 72
74 47
72 65
96 16
60 14
25 20
63 3
72 25
53 25
75 4
39 26
80 73
83 68
29 0
51 47
90 30
54 8
97 96
79 48
55 49
83 53
66 7
47 27
86 66
69 10
91 53
56 17
55 43
94 2
59 44
62 43
45 17
84 28
67 60
32 10
35 7
92 44
63 8
50 47
72 0
71 56
75 61
39 19
97 8
26 4
83 77
48 25
29 25
90 25
54 3
41 14
79 57
83 58
66 30
47 32
88 47
87 73
91 10
56 24
55 32
20 6
59 37
45 10
84 27
67 37
32 1
87 62
35 12
92 43
96 46
60 28
63 49
85 4
50 38
14 0
72 7
71 49
36 21
75 50
39 8
97 1
80 71
26 15
48 16
54 26
79 6
66 25
47 41
30 19
88 54
52 36
17 14
91 3
56 31
20 13
94 12
59 58
42 30
45 3
67 42
32 24
87 55
57 0
96 37
60 27
63 62
85 13
89 74
72 14
71 46
36 28
75 43
39 1
97 26
80 62
51 2
73 17
54 29
79 15
66 16
30 26
88 61
52 35
17 7
91 24
56 38
55 54
96 77
59 51
42 25
84 41
67 19
32 31
74 67
57 9
38 37
96 60
43 42
92 56
63 39
68 50
89 83
72 53
71 39
81 65
75 32
97 19
80 53
61 13
26 17
48 14
68 65
51 11
73 26
54 20
93 71
92 68
88 87
79 20
30 29
88 4
87 84
52 42
91 17
56 45
55 15
20 19
96 68
77 30
42 0
84 48
67 24
89 43
92 48
75 72
96 51
60 41
43 35
63 44
85 31
68 57
89 84
90 74
71 28
36 2
93 47
97 20
80 44
61 6
26 24
51 16
14 3
73 3
72 35
2 1
94 86
79 29
27 11
49 26
30 4
88 11
52 49
56 52
55 4
96 91
42 11
84 63
67 1
89 44
92 15
57 27
60 32
43 24
8 6
65 43
85 24
68 32
90 85
71 21
36 9
93 40
97 45
80 35
61 31
86 9
51 25
92 67
73 4
93 89
94 89
79 26
27 0
49 19
30 15
55 29
77 16
67 6
31 20
89 53
53 39
92 6
57 28
15 7
21 14
43 17
65 44
68 47
72 42
39 37
97 38
80 26
61 24
12 9
86 0
51 30
15 12
73 13
37 31
81 61
27 25
49 20
88 25
52 7
74 20
55 26
77 9
84 77
67 15
31 29
89 62
53 32
92 29
57 37
60 54
65 37
46 1
85 42
90 39
71 11
72 52
93 58
58 12
97 63
80 17
61 17
48 42
12 0
86 27
69 49
73 54
37 24
94 75
24 3
81 54
62 16
49 13
52 14
74 31
55 19
77 2
81 71
85 66
31 26
89 7
53 41
92 20
57 46
21 16
43 15
65 62
46 8
85 51
68 29
90 46
71 0
93 51
97 48
80 8
61 42
44 38
69 58
79 67
37 1
94 50
24 10
81 47
62 27
49 6
52 21
74 6
77 59
73 63
28 14
84 83
85 75
50 31
31 3
89 8
53 50
92 19
57 55
40 25
43 4
65 55
46 19
85 60
68 4
90 41
93 12
58 30
97 73
80 15
61 35
44 29
83 10
66 46
86 21
69 35
73 32
37 10
94 53
24 17
81 32
62 2
66 65
87 14
52 28
91 75
74 1
38 27
77 52
85 84
14 2
31 8
89 17
57 56
40 0
65 8
46 26
68 3
90 48
54 42
58 25
41 39
97 66
80 6
61 60
44 20
83 19
66 41
86 44
69 44
73 41
94 60
59 10
81 25
49 48
13 10
87 7
52 27
74 8
77 45
40 36
50 17
89 26
53 4
75 27
40 7
65 1
46 29
68 10
90 59
73 65
54 45
93 30
58 32
41 40
97 91
61 53
44 19
83 24
66 32
47 6
86 39
69 21
74 32
91 40
94 39
59 3
62 12
45 44
49 41
13 3
87 28
91 89
74 51
38 21
96 12
77 38
25 0
28 27
50 8
53 13
75 16
40 14
75 73
7 1
65 26
46 36
90 2
54 36
19 2
58 43
41 17
97 92
79 36
44 10
66 59
47 15
86 62
69 30
94 46
59 24
81 11
62 55
45 37
84 0
87 21
35 19
74 58
38 12
96 3
25 9
63 28
50 3
75 9
65 19
29 13
51 32
16 14
90 13
72 59
93 16
58 50
41 26
97 85
79 45
44 1
83 38
66 50
47 20
86 49
69 7
91 38
56 4
94 17
59 17
81 12
45 30
10 0
84 15
67 49
35 24
91 87
74 37
38 7
96 26
72 19
53 31
75 14
39 28
4 2
65 20
29 6
51 41
90 20
19 16
41 3
79 42
83 47
66 13
47 29
86 72
69 0
91 63
56 11
55 45
94 24
67 54
88 40
87 43
35 1
74 44
96 17
60 15
75 69
63 2
72 26
53 24
75 7
39 21
80 74
2 0
83 71
51 46
90 31
54 9
41 4
79 51
83 52
66 4
47 26
88 41
69 9
91 52
55 42
94 3
59 47
62 40
45 16
84 29
67 63
32 11
87 32
35 6
92 45
96 40
60 6
63 11
50 44
72 1
71 59
75 60
97 15
80 65
48 26
29 24
54 0
41 13
79 56
83 61
66 31
47 35
88 48
87 72
72 68
56 25
55 35
20 7
94 10
59 36
42 20
45 9
84 36
67 36
32 2
87 57
35 15
92 36
96 47
60 29
63 48
85 3
50 39
14 1
72 8
71 48
75 53
39 11
97 0
80 56
26 12
48 17
29 17
54 27
79 1
47 40
30 16
88 55
87 65
52 37
92 81
91 2
56 32
20 14
94 13
42 31
45 2
84 35
67 45
32 25
87 54
92 35
57 7
38 35
96 38
60 20
63 57
85 12
68 52
89 73
72 15
71 41
36 29
75 42
39 0
97 25
80 63
48 8
73 16
93 77
88 86
79 14
66 17
30 27
86 84
52 44
17 6
91 27
56 39
88 73
59 50
42 6
84 42
32 16
92 58
57 8
96 61
86 81
60 19
71 63
63 38
11 4
85 21
68 51
72 54
71 38
36 4
75 35
80 54
61 12
48 15
68 66
51 10
73 25
54 21
30 2
52 43
91 16
56 46
55 14
96 69
77 29
42 1
84 49
67 27
89 42
92 49
57 17
96 52
60 42
8 0
63 47
85 30
68 58
90 75
71 31
36 3
93 46
97 43
80 45
26 25
48 6
51 19
92 66
73 2
94 87
79 28
27 10
49 25
88 12
52 50
56 53
55 7
96 92
42 8
84 56
67 0
89 51
92 63
92 8
57 26
21 4
43 27
8 7
65 42
85 39
72 36
71 20
36 10
93 39
88 71
97 44
79 73
61 30
86 14
51 24
15 6
73 11
37 21
93 88
81 59
27 3
30 12
88 19
55 28
96 83
77 15
84 71
67 9
89 52
53 38
92 7
57 35
40 37
21 13
60 56
43 16
65 35
85 32
68 40
72 43
71 13
72 51
93 32
58 2
39 36
97 37
80 27
12 10
86 1
69 55
73 12
37 30
93 81
94 65
81 60
27 24
49 11
88 26
52 0
74 21
55 21
77 8
81 77
67 14
31 28
89 61
53 47
92 30
57 36
60 55
43 9
65 36
46 6
85 41
90 36
71 10
93 57
58 13
97 62
61 16
44 40
48 43
12 1
86 24
69 48
73 53
37 7
94 72
24 4
81 53
62 17
27 17
49 12
92 72
52 15
74 28
77 1
85 65
89 6
53 40
92 21
57 45
40 19
43 14
65 61
46 9
85 50
68 30
90 47
71 3
93 50
58 20
97 55
80 9
61 41
44 39
9 3
83 4
86 19
69 57
73 62
37 0
94 51
24 11
81 46
62 24
74 7
3 1
77 58
28 15
85 74
50 28
31 2
89 15
53 49
57 54
40 26
43 7
65 54
46 16
85 59
90 54
93 11
58 31
97 72
80 0
79 72
44 30
9 4
83 13
66 47
86 42
73 39
37 9
94 58
81 39
62 3
87 9
52 29
91 74
74 14
38 24
77 51
28 6
85 83
31 11
89 16
40 1
65 15
46 27
68 12
90 49
54 43
93 4
58 38
41 38
97 65
80 7
61 59
44 21
66 38
86 45
69 43
92 89
73 40
94 61
59 13
81 24
62 10
13 9
87 6
91 67
74 9
38 19
77 44
50 14
89 25
53 3
75 26
40 8
65 0
68 11
90 56
93 29
97 90
61 52
44 12
83 27
47 1
86 36
69 20
91 43
94 36
59 2
81 17
62 13
45 43
67 66
13 2
87 31
91 88
74 48
38 10
96 13
77 37
25 7
28 20
50 9
53 12
75 19
40 15
7 0
65 25
46 37
16 8
90 3
54 37
58 40
41 16
97 83
79 39
44 11
83 32
66 56
47 14
86 63
69 29
91 32
37 36
94 47
59 27
81 10
62 52
45 36
10 6
84 1
49 40
87 20
91 81
74 59
38 13
96 4
25 8
63 31
28 19
50 0
53 21
75 8
46 44
29 12
51 35
16 15
92 74
19 10
58 51
41 25
97 84
79 44
44 2
83 41
66 51
86 54
69 6
91 57
59 16
81 3
45 29
10 1
84 8
67 48
87 45
35 27
91 86
92 88
38 4
96 27
25 17
63 4
72 20
53 30
75 1
39 31
4 3
77 69
83 65
51 40
16 6
90 21
41 2
79 53
83 46
66 10
47 28
86 73
69 15
91 62
56 12
55 44
94 25
59 41
42 35
81 4
62 38
10 8
67 57
87 42
35 0
74 45
60 8
63 13
89 69
72 27
71 61
75 6
39 20
80 75
51 49
90 28
54 14
41 11
79 50
83 55
47 37
88 42
69 8
91 55
56 19
55 37
94 0
59 46
62 41
45 15
84 30
67 62
32 12
87 35
35 9
92 46
96 41
60 7
63 10
50 45
72 2
71 58
75 63
39 13
97 14
80 66
26 2
83 79
48 27
54 1
41 12
79 59
83 60
66 28
88 49
87 75
92 80
91 12
56 26
20 0
94 11
59 39
42 21
45 8
84 37
67 39
32 3
87 56
35 14
92 37
96 32
60 30
63 51
11 9
85 2
50 36
14 6
72 9
71 51
75 52
39 10
97 7
80 57
26 13
29 16
54 24
88 85
79 0
47 43
30 17
88 56
52 38
17 12
20 15
96 72
42 28
45 1
84 44
67 44
32 26
87 49
92 60
57 6
38 32
96 39
86 80
60 21
63 56
85 11
68 53
14 9
72 48
71 40
36 30
75 45
39 3
97 24
80 48
26 20
48 9
51 4
86 71
54 19
79 9
30 24
86 85
52 45
91 26
56 40
55 48
96 79
59 53
42 7
84 43
67 21
32 17
89 32
92 59
57 15
96 62
60 44
11 7
85 20
68 60
89 81
90 65
77 3
97 17
80 55
61 11
48 0
68 67
51 13
92 65
73 24
93 69
30 3
88 6
87 86
91 19
56 47
55 9
77 28
42 14
84 50
67 26
89 41
92 62
74 72
75 74
96 53
60 43
43 37
8 1
63 46
85 29
68 59
90 72
71 30
36 12
93 45
97 42
80 46
61 4
48 7
69 68
73 1
94 84
79 31
27 13
49 24
30 10
88 13
52 51
56 54
55 6
96 93
88 43
42 9
84 57
67 3
89 50
92 9
57 25
21 3
43 26
68 48
65 41
85 38
65 63
90 83
36 11
72 50
93 38
97 35
80 37
61 29
86 15
51 27
15 1
73 10
37 20
93 87
81 58
27 2
49 17
30 13
88 20
55 31
96 84
77 14
81 75
67 8
89 59
53 37
92 0
40 38
21 12
60 57
43 19
85 47
68 41
72 44
71 12
90 10
58 3
97 36
80 28
12 11
86 6
69 54
15 14
73 51
37 29
93 80
81 51
49 10
88 27
52 1
17 13
55 20
88 80
84 79
85 71
89 60
53 46
92 31
57 43
60 48
43 8
65 59
46 7
85 40
68 16
90 37
93 56
58 10
97 61
80 19
61 47
44 41
48 44
12 2
86 25
69 63
73 52
37 6
94 73
81 52
27 16
49 3
52 8
74 29
77 0
6 4
31 4
57 44
40 20
43 1
65 60
46 14
85 49
68 31
90 44
71 2
36 32
93 49
58 21
97 54
80 10
61 40
44 32
9 2
83 7
48 35
86 16
69 56
73 61
37 15
94 48
24 12
81 45
62 25
49 4
74 4
3 0
77 57
28 8
85 73
50 29
31 13
89 14
53 48
57 53
40 27
43 6
65 53
46 17
85 58
68 6
90 55
93 10
58 28
97 79
80 1
79 75
44 31
83 12
66 44
86 43
73 38
37 8
94 59
24 19
81 38
62 0
87 8
52 30
91 77
74 15
38 25
77 50
28 7
50 20
31 10
40 2
65 14
46 24
68 13
90 62
54 40
93 3
58 39
41 37
61 58
83 21
66 39
88 72
69 42
73 47
59 12
81 31
62 11
13 8
87 1
91 66
74 54
38 16
77 43
71 68
50 15
89 24
53 2
75 29
40 9
65 7
46 35
90 57
73 71
54 35
72 57
93 28
58 46
97 89
61 51
44 13
83 26
66 62
47 0
86 37
69 19
91 42
94 37
81 16
62 50
45 42
49 47
13 1
87 30
74 49
38 11
96 14
77 36
25 6
63 17
28 21
50 6
53 11
7 3
65 24
46 42
16 9
90 0
73 72
19 4
93 21
58 41
79 38
44 4
83 35
66 57
47 9
86 60
69 28
91 35
37 35
94 44
59 26
81 9
62 53
45 35
10 7
84 2
49 32
35 21
91 80
74 56
38 2
25 15
63 30
50 1
53 20
75 11
65 17
46 45
29 11
16 0
90 11
19 13
58 48
41 24
79 47
44 3
83 40
66 48
86 55
91 56
56 6
59 19
81 2
62 60
45 28
84 9
67 51
87 44
35 26
74 35
96 28
25 16
63 7
72 21
53 29
75 0
39 30
29 4
51 43
16 7
54 52
41 1
79 52
83 49
66 11
47 31
88 36
69 14
91 49
56 13
55 47
94 30
59 40
42 32
62 39
45 21
10 9
84 16
67 56
87 37
35 3
74 42
96 19
60 9
63 12
92 69
72 28
71 60
1 0
75 57
83 73
51 48
90 29
54 15
41 10
79 61
83 54
66 2
47 36
86 65
87 77
92 87
91 54
56 20
55 36
94 1
62 46
45 14
84 31
32 13
35 8
92 47
96 42
60 0
63 53
50 42
72 3
71 53
75 62
39 12
97 13
80 67
26 3
48 28
54 6
88 84
79 58
83 63
66 29
47 45
88 50
87 74
17 10
91 15
56 27
20 1
94 8
59 38
45 7
84 38
67 38
32 4
87 59
92 38
86 83
60 31
88 67
63 50
11 8
85 1
50 37
14 7
72 10
71 50
36 16
75 55
97 6
80 58
26 10
77 71
48 19
54 25
72 32
14 10
79 3
66 20
47 42
88 57
87 67
52 39
17 3
91 4
20 8
96 73
42 29
45 0
84 45
67 47
32 27
87 48
72 71
74 71
72 69
96 56
63 59
11 1
85 10
68 54
89 79
90 71
71 43
36 31
75 44
39 2
97 31
80 49
26 21
48 10
51 7
54 16
93 75
79 8
30 25
88 0
52 46
17 4
91 29
56 41
55 51
59 52
42 4
69 66
84 52
67 20
89 39
92 61
92 52
57 14
96 63
60 45
63 32
11 6
85 19
68 61
89 80
72 56
71 32
36 6
75 37
88 69
97 16
80 40
61 10
25 11
48 1
51 12
73 31
93 68
79 17
30 0
88 7
87 81
56 48
55 8
96 71
77 27
42 15
84 51
67 29
89 40
74 73
96 54
60 36
43 36
8 2
63 41
85 28
68 36
90 73
71 25
36 13
72 49
93 44
97 41
80 47
61 3
69 67
68 62
73 0
94 85
79 30
27 12
49 31
30 11
88 14
56 55
55 1
96 94
77 20
84 58
67 2
89 49
92 10
57 24
40 32
21 2
60 35
43 29
65 40
85 37
68 35
90 80
93 37
80 38
61 28
86 12
51 26
15 0
73 9
19 11
93 86
94 92
81 57
49 16
88 21
55 30
96 85
77 13
81 74
84 65
67 11
31 17
89 58
53 36
92 1
40 39
21 11
89 65
60 58
85 46
68 42
72 45
71 15
93 62
58 0
39 38
97 59
80 29
61 21
12 4
86 7
69 53
15 9
73 50
37 28
94 71
81 50
27 26
86 67
49 9
88 28
52 2
74 19
77 6
81 67
84 72
31 30
89 3
53 45
92 24
57 42
21 20
60 49
43 11
65 58
46 4
85 55
68 17
71 4
93 55
58 11
97 60
80 20
61 46
44 42
83 1
48 45
12 3
86 30
69 62
73 59
72 39
24 6
77 67
81 43
27 19
49 2
52 9
74 26
77 63
81 68
85 79
31 7
89 4
57 51
40 21
43 0
65 51
46 15
85 48
68 24
90 45
93 48
97 53
80 11
61 39
9 1
83 6
48 36
86 17
69 39
73 60
37 14
94 49
24 13
81 44
62 30
52 16
77 56
75 71
28 9
85 72
50 26
31 12
89 13
57 52
40 28
65 52
85 57
68 7
90 52
93 9
58 29
41 35
80 2
79 74
44 24
83 15
66 45
86 40
69 32
73 37
94 56
24 20
81 37
62 1
87 11
52 31
74 12
38 30
77 49
71 69
28 0
85 81
50 21
40 3
17 11
65 13
46 25
68 14
90 63
54 41
93 2
58 36
41 36
97 71
61 57
83 20
66 36
86 35
69 41
73 46
94 35
59 15
81 30
62 8
13 7
87 0
75 65
91 69
74 55
38 17
96 8
77 42
50 12
89 31
53 1
75 28
40 10
88 65
65 6
46 32
90 6
54 32
93 27
58 47
97 88
77 73
61 50
44 14
83 29
66 63
47 3
86 58
75 68
91 45
94 42
59 4
62 51
45 41
84 4
49 46
13 0
87 25
91 90
74 62
38 8
96 15
77 35
63 16
50 7
53 10
75 21
7 2
65 31
46 43
16 10
90 1
19 7
93 20
58 54
97 81
66 54
47 8
86 61
69 27
56 0
94 45
59 29
81 8
62 58
10 4
84 3
49 39
35 20
91 83
74 57
38 3
96 6
25 14
63 25
89 71
53 19
75 10
65 16
29 10
51 37
16 1
90 8
54 50
19 12
58 49
41 31
79 46
83 43
66 49
47 17
86 52
69 4
91 59
56 7
90 88
94 20
77 68
42 38
81 1
62 61
45 27
79 65
84 10
67 50
87 47
35 29
92 90
96 29
63 6
53 28
75 3
39 25
83 67
29 3
51 42
90 19
54 53
58 56
41 0
79 55
83 48
66 8
47 30
86 79
69 13
92 86
91 48
56 14
55 46
94 31
59 43
62 36
45 20
84 17
67 59
87 36
25 19
35 2
74 43
96 20
60 10
25 24
63 15
50 48
72 29
92 51
75 56
97 11
80 77
83 72
29 28
90 26
54 12
37 27
41 9
79 60
92 50
83 57
66 3
47 39
88 44
17 16
91 9
56 21
55 39
94 6
59 32
42 40
62 47
45 13
84 24
67 32
32 14
87 61
35 11
92 40
96 43
60 1
71 66
63 52
92 75
85 7
50 43
72 4
71 52
75 49
39 15
97 12
80 68
26 0
83 81
48 29
29 21
54 7
72 63
83 62
66 26
47 44
88 51
87 69
17 9
91 14
56 28
20 2
94 9
59 57
42 19
45 6
84 39
67 41
87 58
92 39
57 3
60 24
63 61
85 0
14 4
72 11
71 45
36 17
75 54
39 4
80 59
26 11
48 20
51 1
92 71
54 30
6 3
79 2
66 21
88 58
87 66
52 32
17 2
91 7
56 35
55 53
20 9
96 74
42 26
51 21
84 46
67 46
32 28
87 51
74 68
57 4
96 57
43 41
63 58
11 0
85 9
68 55
90 68
71 42
36 24
75 47
88 68
97 30
80 50
48 11
51 6
73 21
54 17
93 74
79 11
88 1
52 47
91 28
56 42
55 50
20 16
96 65
59 55
84 53
32 19
89 38
92 53
57 13
96 48
60 46
63 35
89 72
89 87
90 79
71 35
36 7
75 36
80 41
61 9
72 47
48 2
51 15
73 30
93 67
94 83
79 16
30 1
88 8
87 80
91 21
56 49
55 11
96 88
77 26
42 12
84 60
67 28
89 47
92 12
96 55
60 37
43 39
8 3
63 40
85 27
68 37
89 88
90 86
71 24
36 14
93 43
97 40
80 32
61 2
86 10
51 20
73 7
93 92
94 90
79 25
27 15
49 30
30 8
88 15
55 0
77 19
81 80
84 59
88 32
89 48
92 11
57 31
21 1
43 28
65 47
85 36
68 44
90 81
71 17
93 36
58 6
75 66
80 39
61 27
86 13
51 29
15 3
73 8
93 85
94 93
81 56
27 4
52 4
55 25
96 86
77 12
81 73
84 66
67 10
31 16
89 57
77 75
53 35
92 2
57 32
21 10
88 63
60 59
43 21
65 32
46 2
85 45
68 43
72 46
71 14
93 61
58 1
97 58
80 30
61 20
86 4
69 52
15 8
73 49
72 38
94 68
24 0
81 49
49 8
88 29
52 3
74 16
81 66
84 73
85 69
31 25
89 2
53 44
92 25
57 41
21 19
60 50
43 10
65 57
85 54
90 35
71 7
93 54
58 8
97 51
80 21
61 45
44 43
83 0
48 46
86 31
69 61
73 58
37 4
94 79
24 7
81 42
62 20
49 1
52 10
74 27
77 62
79 71
84 80
