474 1867
1615 2232
1639 882
1151 1187
1826 1324
2267 1733
472 1556
2004 435
637 2043
962 1270
843 1329
2228 29
1674 57
1060 1851
701 2228
1055 246
363 1987
1172 246
2137 2123
728 324
1588 1545
1733 904
316 189
1768 451
1840 39
687 1980
476 949
379 1530
201 929
1161 2123
84 1380
989 253
1835 7
760 1723
1946 2278
1980 1646
2103 1173
44 2232
1087 1060
7 1885
324 1680
1087 2056
1545 1073
1337 46
929 1229
837 1980
2211 1564
989 1373
117 1865
1615 1284
880 2211
911 656
1000 1692
738 499
55 44
1980 1287
2166 1827
581 1929
1752 1200
1545 346
2228 1159
913 1416
201 883
474 1836
597 1980
1338 1414
1607 1541
363 1000
1826 1270
549 502
2228 2160
80 989
2101 1545
1540 2152
1731 65
1980 1270
2182 2024
675 285
1986 2164
1060 2118
2211 930
2047 189
1811 1826
474 789
122 474
1840 361
1918 1055
664 795
911 1649
1616 2166
2203 1836
1689 2211
1164 1615
249 1329
98 1980
701 1216
1541 1518
1416 2186
204 189
1658 474
1562 697
675 1989
637 882
2203 28
1980 954
2265 424
1013 1055
2056 2159
1637 385
728 29
1239 346
368 1220
759 656
361 1151
1173 499
770 487
1840 1511
1731 44
368 2228
2228 178
1037 2211
2203 1329
760 385
837 1971
386 279
698 1019
1562 1564
167 324
652 2267
1733 18
199 1060
905 805
759 922
966 1539
117 1362
1261 200
1980 2157
1980 768
1663 416
728 96
2219 1480
914 1662
728 1660
1029 882
2016 949
1545 1151
2134 882
2211 1688
451 499
911 2277
1545 57
1731 51
44 1412
442 2271
1840 1777
1545 2056
474 201
61 1980
1348 929
905 1380
458 1362
675 1147
1533 1348
1000 207
567 1858
1261 549
880 414
914 1380
117 949
2134 1160
1813 435
2219 1752
989 1859
1536 800
1896 1777
1147 474
368 989
567 2118
1164 1329
1415 324
80 952
1629 1402
117 1304
1840 759
1175 952
379 2186
913 1896
44 449
2134 1859
701 1980
2278 189
2232 1187
1416 804
1562 437
1381 2152
1395 201
1989 1304
1562 2286
346 44
1151 1639
167 499
765 815
1562 964
1545 1980
1416 1060
474 1220
474 1977
675 949
1840 1175
1562 1158
304 905
584 2232
1148 1935
1151 202
1220 2203
1338 949
304 1055
84 1877
476 1556
1608 1511
32 2137
728 279
96 1851
1615 2123
1655 954
1151 904
1175 882
1564 440
1777 1200
1980 2102
913 670
265 1877
249 499
1826 978
56 474
1348 1950
1674 7
1773 1039
96 1055
379 2211
1348 1073
104 1414
1521 1556
1840 1956
34 1480
474 100
43 1865
701 2211
115 1896
446 1608
1976 2228
98 474
1840 2221
172 1060
1629 459
1540 1293
1564 1229
804 1229
1629 1639
1817 2139
7 2176
410 1545
2182 2211
1562 585
1949 2203
1582 499
346 1019
1616 354
1840 14
2228 1777
1616 861
2277 1680
159 1060
1562 2203
1355 1980
1089 1329
335 755
962 1980
738 1672
324 1073
1541 169
913 1811
675 2228
787 882
880 1913
1175 1173
880 2032
55 1151
1175 1030
913 569
68 1329
1840 1774
1588 1980
911 1956
476 2228
44 189
1771 1863
1562 1480
324 1151
1164 1202
1348 786
129 1980
474 1690
474 328
1971 1980
1164 698
159 285
522 1151
2190 279
2166 2228
1013 2228
584 499
585 474
402 435
1176 117
2203 1327
1989 474
1097 1896
1482 1019
1164 1324
2252 2137
2203 385
1296 499
2252 1293
1558 2032
1798 1782
805 499
1431 1243
1660 474
1562 28
368 1338
386 1558
1830 805
2265 1858
1045 44
1416 1639
118 1159
880 2278
80 385
1733 68
1840 880
1160 1674
1980 1540
1160 637
474 670
84 2211
1029 152
2211 2056
1660 189
2004 1639
1826 1151
2228 385
55 1706
1562 60
122 1851
1013 1556
709 416
1768 1239
756 304
1556 2186
1989 949
2134 28
1840 499
44 949
216 637
1562 1662
1776 1379
1674 1373
1087 1817
880 44
1545 2032
1060 1672
1087 499
1716 1798
1239 2211
1918 1556
1615 860
962 189
2252 1777
204 905
1840 198
952 402
2211 1380
2038 335
880 1039
51 2152
1029 1060
1616 414
1980 1093
1151 2203
1476 424
1147 1704
167 7
1733 2193
657 474
1160 379
176 474
1239 1806
1114 385
167 385
1562 1229
1294 805
698 1165
302 499
1545 302
447 299
2134 1087
610 1296
1416 2137
1348 2120
1971 789
368 2270
118 678
2024 1692
2218 499
913 2219
1608 1980
1980 882
760 1791
1147 1989
249 2221
2165 44
1000 2161
2228 1255
1835 1545
1989 117
2211 499
2211 804
279 1806
7 2123
957 499
1675 474
68 839
672 499
2224 44
1675 1480
1261 1270
1296 1329
459 841
952 1044
964 44
1338 1087
1060 435
1562 2123
2267 18
2101 44
911 1674
1980 1865
1562 1674
1562 1962
1019 304
1859 1867
804 2056
1562 2211
379 929
440 1165
2032 2157
952 2004
1806 1011
1662 189
1733 1826
675 522
1276 2228
1359 1782
1562 2047
1930 1980
2152 253
1480 656
858 474
1855 1319
474 1238
389 1518
1674 954
346 304
1380 873
1103 672
701 2232
474 172
911 1395
605 1672
756 1596
442 1055
1840 249
913 530
1019 670
1971 1083
1261 2232
2137 304
68 1650
1339 2280
1164 18
1541 1103
1114 474
756 1414
1946 114
1663 1957
1158 929
44 2056
374 600
1030 949
569 804
1039 28
585 1777
1817 565
610 1329
1806 2056
964 1672
416 1511
474 1758
304 189
2265 1562
1562 285
759 804
2290 1545
447 1790
1392 1545
199 1680
1114 1813
1989 837
1840 1089
989 499
1980 1827
1172 202
459 1777
913 952
1655 279
1545 662
1674 880
361 1103
55 2211
795 43
1089 1980
402 584
1790 299
167 410
952 795
189 1270
100 1151
1608 499
1274 2186
1851 385
1239 1055
363 1521
1045 698
1000 28
1074 1173
1835 474
13 949
458 1293
1674 1117
1147 28
672 1688
324 1060
122 1060
913 610
159 1151
2043 1530
7 1060
2013 1615
207 1692
728 1480
1858 28
2101 189
2134 929
14 379
198 44
1840 1073
1658 44
1055 385
640 2182
368 824
913 2228
1616 80
354 1723
808 435
1164 804
2265 1151
1160 1956
2106 1181
68 1704
2265 1173
1662 1980
1674 449
1533 2004
14 1729
474 1447
917 28
962 104
605 499
1261 28
1660 1663
44 688
2164 1536
1639 2056
1835 1777
18 1324
80 474
44 385
1562 1151
451 1103
1986 661
1826 1348
2101 2032
1989 2137
2221 1308
1858 1980
1037 385
1980 2184
1840 447
2278 278
324 1706
368 1029
1835 670
1840 1227
2211 2159
55 2186
1219 1261
1175 803
1087 1291
1594 78
652 1562
2221 949
822 929
55 637
1103 952
786 1293
1055 335
1404 1650
1840 29
911 1588
1562 2199
1660 1259
1147 1865
1284 1858
1259 815
826 1103
1840 2032
822 1037
1317 1980
1416 1782
1989 2203
1950 499
249 1639
51 445
1228 1315
1114 670
1175 1103
368 1950
1147 661
1284 1073
1416 2056
1518 1414
389 637
913 374
1980 789
1980 1777
1060 416
1469 1159
1616 1885
363 978
167 1806
1830 1791
2134 1971
2211 2186
2134 1158
1840 1231
1662 949
34 1588
1817 1794
880 487
86 1662
393 1214
1562 292
567 1284
1151 1690
2203 499
569 1704
1980 995
1650 795
104 1646
2134 584
459 2043
530 804
913 675
304 1980
2228 1827
701 2102
2228 719
1675 1261
1164 605
1571 1980
701 1173
1026 474
1425 44
1026 1658
1629 474
1338 304
1338 1291
1087 1836
2137 1055
1840 995
1545 854
2270 1652
1468 2228
2103 2106
440 1229
1060 1173
202 1406
1348 609
929 548
952 1019
1663 474
1830 1060
408 46
1840 1151
1151 74
1175 1658
837 2280
2101 688
1817 1187
2181 159
1151 2137
1588 1055
1840 7
7 1896
474 549
1840 324
2283 1060
861 385
324 1214
324 499
2211 207
1562 1245
361 882
2101 1562
1151 1858
567 1545
458 2062
1039 929
202 499
363 904
1545 487
176 1200
1238 1752
759 1018
880 402
1629 2228
1416 2211
1616 1329
431 837
1175 499
2004 385
1689 78
35 1261
1817 962
2267 285
813 474
1217 14
911 637
1467 645
1159 1865
1416 1976
728 808
1019 1229
1541 2228
1160 2182
728 1114
184 44
896 1270
2252 1229
584 189
1777 1173
2278 1556
1616 1019
117 581
675 1680
80 1859
285 499
2186 57
96 44
1768 1164
246 74
2211 1039
1672 2056
1813 402
1963 2056
1176 1521
1826 2003
675 880
1663 1238
361 152
952 1011
1329 2280
1608 2270
1164 2193
843 765
804 1865
789 1055
1533 304
14 2228
31 1560
1541 1545
1840 304
1044 1980
1148 1055
1660 1674
1674 1330
610 1060
100 2280
2134 2211
2278 645
905 1929
1545 246
800 1173
1103 1268
1987 68
789 435
316 27
760 949
80 402
476 207
1840 476
1151 1296
2056 2184
379 1729
637 815
522 1055
1655 2134
100 1173
1817 2174
1835 447
1330 459
1946 1980
1980 1148
1060 670
1468 1980
1480 1706
880 1060
1060 805
1658 2004
1773 1980
1840 2102
1030 2211
522 2211
913 133
2267 189
363 880
1674 14
1416 499
922 476
522 605
474 1293
249 1087
1840 657
1706 1618
1562 1216
808 1564
1840 1894
1261 1158
1672 285
1097 2228
324 2228
1840 2056
1704 688
1330 637
2228 661
1830 1777
249 44
1114 44
2228 929
1286 1863
728 474
1989 1752
117 1849
911 1505
2219 44
1768 1545
1348 2152
804 499
1835 1840
1039 57
1545 793
929 302
1835 789
964 499
1615 474
184 474
1858 1060
1660 391
1416 701
1545 27
1039 2032
138 499
51 1855
675 1863
2004 584
472 2228
1731 1980
1562 1055
1660 2211
1689 931
1164 1151
929 1603
913 728
1330 1348
1919 1414
304 1414
1055 1315
138 1865
2032 688
324 78
756 882
1220 882
2103 1840
1689 670
1674 109
1768 929
324 51
1562 637
1675 2211
1164 2228
1817 905
1019 133
1416 474
1658 2102
159 1480
1637 1348
1616 1342
416 2186
2164 1980
324 1359
1261 189
989 474
1359 2228
1037 1039
1338 1055
474 1200
911 1960
1662 474
13 2211
1468 474
446 474
1704 74
672 1556
1956 2186
1029 808
487 931
1533 352
1451 637
1826 1165
2114 416
999 68
1980 1706
1545 172
1674 207
459 117
760 756
189 1187
913 1594
759 324
68 1913
2134 1530
474 662
1261 2139
1151 28
159 2277
1859 304
249 475
1189 2101
1521 2056
1114 1060
917 466
966 609
609 1255
1395 2102
34 2271
1655 2056
1339 385
1545 569
75 1980
2219 2102
2218 1826
1655 1545
474 57
759 1956
1480 1980
1768 1866
658 1616
1971 929
1562 363
1562 189
2134 670
759 1239
44 1851
304 385
2219 2123
2228 402
2004 2186
1172 474
999 803
913 178
989 1813
1813 189
1840 2203
2062 1083
34 324
1060 1680
2061 1865
285 28
1261 1556
728 34
2165 2137
1811 1989
1840 1662
159 952
1616 1813
701 1227
476 1980
1239 1980
728 1637
2004 1173
672 2228
388 2234
765 189
474 929
1840 1949
374 44
1151 1044
1541 1173
286 278
765 2203
1863 1089
1080 2199
1239 304
1835 1876
44 1173
1545 100
1790 1952
1567 474
1733 1817
1662 1913
952 2159
1148 2123
1616 1615
389 1060
913 117
952 2280
199 522
1147 1971
1562 133
913 585
1987 2161
1989 1395
1060 2106
2270 78
389 569
1562 459
374 1533
1826 29
1343 1857
1541 56
728 1060
1946 1164
249 1151
610 1089
767 2280
419 1530
738 1639
2228 1692
1468 1339
1029 2211
1562 117
1616 2066
400 1395
2221 1060
1616 2211
1608 905
391 1541
1859 435
522 1207
1957 255
379 1980
1164 1379
2134 385
2224 2211
797 2211
1511 2186
2166 1327
1454 2228
989 1261
2103 1181
1055 302
167 1029
2182 1083
1660 2234
2211 1521
44 1368
167 152
1588 1533
474 1480
913 1980
1261 1521
44 2228
1989 44
1980 432
1768 474
474 466
2134 989
474 1857
410 657
1765 2278
1347 416
1956 1511
1562 2228
117 2199
931 1229
1416 1704
1545 1060
2164 2020
1164 1165
159 1692
385 28
1637 1980
880 1859
2228 189
14 474
2270 1055
486 599
324 880
913 2152
1777 1060
1533 815
787 304
265 531
361 2186
2211 2280
1545 1220
1562 1723
1000 1083
922 2228
1395 1639
361 1060
416 1270
117 2102
1980 1018
759 2182
29 1173
1615 530
1759 1055
1261 937
2004 402
1103 499
184 169
363 1253
1000 1865
1521 949
1545 1330
7 1774
1431 1147
1859 930
913 2186
1505 2186
1291 1368
637 335
1498 1980
53 1545
1291 1511
1660 80
1029 474
1855 1200
1261 499
40 770
1980 1074
2193 2280
2195 1723
402 1980
44 2123
1733 1011
989 2211
1261 837
1103 2228
1840 74
1987 1556
167 1950
459 2020
952 1806
901 1717
389 1752
422 189
1164 1826
1338 302
2186 882
913 2047
279 1060
698 1229
1533 1971
1616 133
1608 770
672 253
474 698
1330 1362
1674 206
1729 1505
2203 1187
391 304
1615 719
1338 1865
1729 1511
1663 1348
1013 2232
1704 207
581 499
913 338
1545 1007
44 1362
486 2211
2252 1060
1650 1055
1545 522
80 216
176 815
913 1368
2211 760
451 2004
437 1011
2182 2087
1817 896
2252 178
1151 1089
913 1018
1097 117
1980 2061
795 2056
701 1414
2044 499
1989 1178
474 1359
1261 1083
1060 1362
1987 2043
476 474
1716 216
1060 1055
435 670
1060 1690
805 949
2137 1777
1013 44
27 189
159 1980
1915 466
698 800
176 385
44 1339
780 304
675 1151
176 459
2252 2228
2228 2186
911 379
474 2087
389 2152
44 1950
861 1019
2182 1855
451 44
989 2078
2277 1649
1980 335
474 68
1615 1863
1840 1449
1013 725
80 1327
1768 1675
675 44
117 1935
2101 1796
159 1706
2137 1594
44 2032
652 176
1817 1270
1752 1395
701 1796
1859 2004
1616 1817
1151 416
952 2195
610 1639
1137 1980
911 1176
2004 1187
1037 1291
2182 1000
1629 2056
2228 253
581 1865
1980 82
1395 2228
1674 1530
1616 435
1425 1908
1813 670
1840 815
288 1980
1151 2232
315 1603
759 1588
2211 1518
759 1733
1338 44
368 1348
176 2211
759 1894
2134 1865
697 402
1957 304
599 2211
1827 1556
605 1649
2211 793
1729 1896
1768 476
34 2186
1416 717
2267 584
1172 28
1164 2102
1840 1030
728 2164
675 324
913 949
1147 605
1107 609
675 2203
666 837
1160 2102
1348 584
1672 499
1019 584
770 2161
1060 1521
1615 1055
474 28
1841 1562
28 1173
1716 2211
169 1220
672 2186
513 1983
1859 133
1817 1980
1151 499
1660 1151
86 2278
1826 304
1562 908
2004 2211
1971 499
2219 1615
1777 1449
913 1055
35 1980
2164 44
1840 1896
1840 1216
167 1777
1545 1261
1562 100
2004 44
402 930
1026 199
1164 363
1114 189
657 1055
1813 930
138 1980
2134 1151
913 324
759 1055
1541 1587
1989 1348
1980 28
1616 1925
1060 285
1980 1789
2211 440
922 2277
1530 995
1674 2157
1451 499
474 1304
1480 499
640 1983
1562 675
1616 2134
1343 1950
199 2277
2219 324
2211 1414
1261 2021
1545 1395
2211 1692
1164 909
2203 202
1790 1560
2101 1216
1660 1980
1317 2118
911 1338
1348 2228
681 1855
913 1615
476 1662
2211 1672
1840 2228
1674 1178
1176 929
2047 882
1777 2102
584 1060
2228 1329
1416 2228
911 1117
1562 952
795 1521
324 1339
1835 2211
363 1952
1164 882
908 877
1859 189
395 2106
1148 2056
2101 2087
1175 2186
964 198
44 1777
887 1759
887 1055
2278 1019
44 1639
216 2211
1395 1980
2219 949
584 815
2047 44
1545 824
346 1971
701 1662
487 499
2228 1921
1175 253
1980 499
913 661
756 1518
474 756
1180 385
1151 1270
1562 1414
1545 466
678 2211
1164 584
1151 1108
195 440
609 1060
474 808
2102 949
1731 804
1811 28
2016 2137
1615 522
770 837
189 1414
1980 1187
324 1539
1562 1541
2159 499
1989 805
1562 1545
759 2228
2056 2199
1840 610
474 1540
28 1865
1117 1692
1330 458
999 1000
896 1646
1533 1388
1840 929
474 1276
1545 133
1291 1039
2101 474
1505 1956
2221 678
2134 1007
1114 1055
1000 882
202 957
1562 207
1013 207
1858 1329
2062 78
1060 1449
1164 1060
1896 2228
609 551
68 1000
84 914
1338 499
167 304
2103 1545
1835 1658
605 278
880 2186
363 2278
474 1229
474 1855
911 324
2134 1348
1774 2228
1662 1229
728 1414
2134 672
51 325
112 28
1840 1045
1026 675
51 1348
1913 203
2221 1151
1811 29
569 1778
416 1414
1261 1827
2164 1859
1137 2211
1416 117
922 1229
952 1060
728 1498
1348 2211
640 1238
80 2203
1655 1083
474 440
1925 189
780 1980
759 346
2047 474
1228 1055
1533 1980
1220 1980
1541 803
1835 44
681 1603
1541 1556
1562 424
1731 1348
1338 522
189 133
2193 1980
759 2232
913 2137
84 581
1840 949
325 2228
167 1674
1731 1339
1037 2152
1000 949
1480 1044
1980 246
2211 1706
815 1173
363 304
1790 474
2068 1261
368 2211
2283 499
715 28
1089 2056
1540 558
728 1588
1176 1980
1284 1055
826 1329
1675 1348
447 2024
60 1011
1330 2176
1017 1980
1562 335
1840 882
1097 385
1164 499
909 2232
964 2199
1151 104
911 2186
2265 474
43 1011
28 2280
1164 1087
338 44
861 1980
2267 1817
1286 1674
600 1980
1164 440
201 1918
959 2232
664 474
1173 882
324 304
1395 1956
1327 1187
1629 176
1167 1083
1390 432
905 28
1175 1161
167 1545
1202 1867
1733 1615
1663 1253
1026 2277
451 882
1706 28
1835 2056
346 476
487 882
1729 1395
2211 805
379 1000
1501 1558
1616 1571
474 74
386 813
1189 1980
474 1558
1151 2118
1629 1060
1327 2228
1980 1652
725 474
1952 2024
1562 1039
2228 78
2278 1055
1175 2211
605 286
880 2157
167 905
400 1980
715 854
207 1894
698 2044
1468 178
1731 2280
1980 133
368 167
216 1330
1876 670
2267 1980
1220 2270
999 2280
459 253
2219 1055
474 2152
1545 96
2221 1777
2203 74
446 1777
1660 584
2267 962
1731 1865
118 2228
909 416
962 2232
728 1151
68 1470
328 931
1674 1284
1103 756
2228 133
2219 1238
449 189
37 1817
1956 416
167 1330
1768 672
1541 1087
1830 1980
2267 1324
1562 29
597 474
109 402
1330 1147
1980 2118
1314 1594
410 1073
913 1826
1840 1729
697 435
1017 1915
201 1200
1840 374
1616 1161
1261 2159
1562 1178
389 1173
312 1980
2102 882
549 929
1660 1840
609 1521
610 1087
117 285
98 2181
1164 476
1879 1073
1114 435
316 1980
1879 385
2038 1980
199 675
374 1231
1752 201
1729 474
1980 440
1976 44
1980 1806
1564 2195
1855 1603
1826 1980
1476 1817
1616 1562
1151 189
1160 1511
44 1650
1164 2047
2228 2232
1077 905
1519 1980
2228 1362
176 1173
44 1329
447 474
770 1304
1348 1261
1359 1447
1089 1594
854 905
37 2139
1545 2194
1733 1777
1026 1980
2221 44
1930 1444
2004 1980
1660 2004
1655 637
911 2211
1704 882
393 1511
966 1980
2232 1530
1674 1578
658 548
1980 1216
1840 1876
913 1876
1562 80
936 1018
474 1187
1562 431
914 1151
474 2061
930 133
522 2223
1639 1806
1774 44
1733 1324
1536 1722
1650 931
487 2228
1476 656
1467 1980
1798 1704
1562 1849
1637 798
780 2137
363 1827
96 122
1896 1876
922 1649
1545 459
474 930
1840 905
522 363
324 338
1164 904
1064 2228
804 1373
44 1876
167 1258
1865 949
637 1518
1348 1639
474 302
1180 55
1416 285
1976 854
1521 1692
854 1817
1348 1293
1259 304
410 1330
474 1564
815 189
609 2078
678 2102
989 584
2228 1887
1980 189
952 824
1855 1039
451 2228
216 1980
1980 2214
1348 1268
1674 459
474 2211
759 1480
2219 338
2165 1777
1189 949
905 609
1817 1414
1545 2283
2152 2056
1151 385
1616 2280
2140 2137
905 203
474 1920
645 1980
1562 1813
2211 279
346 1261
2137 1389
1415 117
1533 645
13 1980
1330 1777
1733 585
765 304
822 2152
1329 1060
1089 189
1395 416
1216 2232
1980 1511
167 949
1545 1918
1291 1940
1390 522
474 1518
1327 1414
1607 1791
2228 435
379 1511
1615 338
393 1980
1913 905
1541 1940
199 1980
68 304
1167 1187
1395 1806
1541 952
1220 1639
2203 189
1977 2232
1189 2232
914 1229
1817 28
474 1083
486 474
1416 1018
1615 1327
1089 1296
1562 789
1662 44
808 304
4 235
789 2056
1176 1200
858 184
1840 13
1210 2211
2228 1083
1980 2032
1480 1055
474 2102
1662 1368
1228 474
658 522
1505 1511
1284 2118
2203 1706
27 662
2134 44
1284 172
304 815
2228 416
2228 1980
346 1060
1562 246
2232 949
1476 1147
474 1925
1863 2280
1660 1187
44 152
2068 1980
104 354
609 2159
1562 1704
1519 474
1261 1692
1768 1348
1977 44
1539 1444
422 1896
989 1675
675 1283
1164 1594
1114 133
1355 68
255 408
931 2161
1865 2199
173 2234
1147 2004
1774 1587
1114 697
474 1039
29 800
2101 1950
2160 2199
2134 1175
1151 1173
2203 1980
1658 1980
1989 1734
678 1867
1030 1980
237 28
1889 2182
1148 949
2277 2232
1545 1089
1616 952
447 1896
2211 1759
1330 1650
804 2199
1348 949
2038 2232
474 1315
2290 474
1114 96
2164 2120
1545 1842
424 854
1876 2105
1655 2184
931 1060
51 2211
913 1658
1160 2228
1147 1000
1578 1011
324 1989
474 212
385 882
1562 1790
1663 1261
1980 2040
304 1060
2102 1173
1395 1060
1164 1229
324 530
1896 670
1940 499
1147 385
474 2157
2101 2157
843 2280
2137 1173
1160 1083
854 44
2211 1117
474 152
389 929
675 1148
1835 1562
929 1935
1055 499
279 1921
605 760
1733 584
35 605
1639 2102
1987 1980
1615 1722
1416 1578
1164 2159
7 1342
442 1980
1615 909
1416 1672
1327 1270
2211 1151
80 697
169 1029
270 2056
1284 499
368 2134
931 882
913 499
1733 1578
1147 2278
2228 1639
1957 1239
1562 1896
1539 609
2103 499
474 2083
198 207
1830 432
2101 1879
1395 954
1416 1173
474 2044
410 1348
569 324
1616 1541
1879 2211
1239 474
474 1692
1107 815
516 929
952 2161
474 1849
1187 385
1803 1055
2004 1558
96 2211
346 159
522 548
896 1187
80 670
605 385
645 68
911 1729
458 1060
474 1373
202 146
253 385
1886 929
990 609
1562 1629
1887 688
1521 1268
1896 189
1239 1432
1650 1980
1469 929
368 7
728 44
51 2277
44 2157
1722 548
657 2228
2004 670
1545 2118
911 2181
1045 1989
1037 2056
122 172
1172 2182
1980 662
1987 1692
474 1000
913 2123
37 304
1674 1511
2211 93
1980 696
1655 1158
1976 202
989 402
1261 1511
1412 1530
728 1733
1545 499
1915 28
1704 246
2228 1229
388 1980
1716 172
789 1865
952 584
474 1885
1980 1921
44 28
1639 1558
2105 385
826 437
1060 2184
159 1540
1416 2039
1639 548
1658 880
858 1980
1291 760
569 474
1451 176
2228 285
1855 2234
999 1521
1148 499
697 1859
1840 1012
1840 1505
765 1414
117 905
605 1261
55 159
754 1830
913 929
68 1261
1655 1395
176 172
2228 2032
7 2211
2134 1029
822 1183
474 1949
172 2137
1980 114
605 78
2228 1540
1348 1187
913 447
44 1000
1863 1594
1987 637
770 1734
2203 2228
1980 385
391 2056
474 995
1017 2280
304 1187
1646 1187
80 1813
385 1414
2219 1918
1920 1980
1980 207
368 929
1348 2274
176 1284
1830 1539
55 195
1545 1029
887 1704
1147 1650
1562 1164
656 1117
1261 1253
2004 1556
1379 1980
316 474
1060 2056
216 1064
1655 1806
304 1011
569 499
474 1918
1147 1243
637 1704
501 1060
1639 2199
474 2270
2219 2211
1395 1672
1639 954
474 1178
249 2056
1840 472
765 1327
1980 2277
346 949
1674 1060
999 1650
1026 51
2056 335
1087 1672
620 929
1615 2228
1338 1229
167 1348
1347 28
51 2056
1395 1200
549 2280
675 1173
1348 29
424 1261
1060 1165
1674 1343
1151 949
34 1733
167 189
966 2228
1836 1388
1980 435
2228 1918
1505 2102
2166 1261
1239 837
265 1980
1256 1980
1227 416
361 1980
2047 2252
964 2211
522 1470
1392 1274
167 449
1615 1181
1980 1513
1811 1817
905 499
795 1380
905 815
1055 1066
2032 904
1534 1060
1556 1200
2278 2114
1019 804
1811 905
1639 1018
1639 2270
1540 189
728 304
1348 688
1227 2102
1980 545
1261 304
472 949
196 39
1980 904
459 1231
2101 129
2134 207
476 1827
2228 1412
1000 1556
2137 1060
770 1960
913 2290
1608 1836
1733 1480
391 1261
1674 1774
978 1980
96 1060
474 1414
1980 203
652 1777
1889 640
2013 904
880 189
7 1175
1087 1089
2016 2228
1037 1879
1733 1863
1420 2211
2211 1594
2277 1060
658 1733
1541 1220
1468 2137
1616 1187
400 2184
1151 1851
1180 435
2044 440
1582 385
1175 1879
1147 499
697 1019
2211 2137
1731 1173
605 44
458 1980
1026 1060
13 2228
1164 249
1675 1950
368 1616
1160 44
115 549
530 2123
1562 1045
952 189
363 2228
913 2203
2134 905
1103 474
1019 1980
964 2056
1591 837
1768 167
7 670
1176 28
172 1798
1147 949
1151 2280
416 28
2221 1980
474 1556
1674 1662
1817 73
169 304
1777 207
1425 688
104 2232
698 2137
44 253
1768 253
1029 304
44 1578
701 29
1731 2228
1650 1827
2228 1876
2228 584
1000 1827
1980 1796
2211 905
2265 1317
1616 2123
328 1060
1896 1449
2032 57
1615 1449
1758 499
738 285
676 51
385 662
808 1055
324 1444
1690 385
104 1270
1840 1147
728 2193
1716 379
325 445
1629 1220
1416 1207
1338 385
1540 576
2132 609
159 474
584 2280
1616 1564
1660 1173
917 1173
1817 189
896 1980
1885 1342
2137 2186
451 1147
169 2270
730 1980
216 379
474 2228
1562 837
2047 1777
1674 51
2228 2280
913 1913
1539 1723
1239 476
44 2137
1060 499
176 2283
395 1060
379 207
324 385
759 487
1987 882
324 2211
1777 2192
1836 2270
1733 248
1086 1414
955 1545
1887 2186
1103 1291
1588 656
1454 1980
1608 1594
678 189
459 2228
122 499
567 1151
152 1690
1704 1908
1646 189
657 1060
678 666
2228 2152
964 1976
476 2277
911 278
522 68
1037 474
2054 2211
324 2232
798 334
44 929
1017 466
1545 1540
880 2228
1476 931
55 2228
1338 800
1616 909
1689 1791
115 1261
1615 385
338 949
189 414
913 1894
738 2056
169 808
1639 1060
1840 2176
2219 1151
675 2123
1258 2199
2004 499
2068 304
543 909
989 670
1175 1039
681 1173
379 1261
843 2203
2101 1039
1662 1578
675 1060
176 2286
1160 1505
678 474
929 1200
2137 548
1060 1894
451 1173
1731 676
379 2228
18 584
841 1777
1114 172
1103 824
1359 2199
51 609
361 672
1859 1813
1180 1522
2228 1511
1826 1173
1595 1060
610 2221
681 201
1840 1039
1859 1980
1562 1348
672 2004
911 1018
2103 2211
474 2203
1444 28
1089 104
1836 2186
1562 930
447 1060
1989 285
1533 1639
1865 499
2164 159
1608 1672
1161 2066
1806 954
1239 949
1813 2211
1137 279
2152 2186
408 2114
422 115
51 2157
474 2004
1291 474
1840 2137
1107 2056
459 1000
368 1480
459 815
202 28
1541 435
728 122
1160 207
268 435
1103 882
1026 522
2211 1639
728 813
2221 1329
1327 1980
474 854
117 1855
1541 1338
843 476
989 189
346 637
51 2184
787 672
1226 2228
474 1631
1072 661
1989 2123
725 1980
207 949
1097 474
1261 2270
824 2195
2101 949
1545 670
1539 2056
2182 74
55 1962
1835 446
1980 1672
37 499
253 499
1851 1055
1663 1083
1327 416
2134 949
1314 2211
1103 2186
1019 2211
1175 44
1164 474
1859 44
2211 1960
1314 1055
1859 584
1866 949
1616 880
304 1639
566 905
368 1675
474 1395
307 246
2267 1826
675 474
1949 1971
1541 1164
1074 1368
2228 1373
1777 670
1976 1896
117 1980
189 46
1863 474
37 569
2101 808
159 931
728 1545
27 1362
1980 1851
1616 1540
346 1866
474 2118
2228 1060
389 1348
728 386
2221 1089
1562 2137
1545 787
299 798
1980 1253
1562 1011
1511 499
678 949
68 666
1956 385
2211 2157
522 1817
379 2182
2211 696
1587 499
2278 385
952 670
474 804
253 2186
43 104
172 385
1451 474
65 1980
2211 656
2182 798
474 2043
1392 474
152 1060
1291 2105
34 1836
431 949
2211 2106
389 1055
1045 1588
1416 964
2004 2228
1533 1896
2267 581
1925 670
637 1158
299 1952
363 2182
2203 1388
843 2228
34 2152
1545 2186
2006 61
1175 1980
51 1680
1956 2232
265 949
1791 1867
1768 2228
1704 800
1980 78
905 1060
1729 416
1803 2228
2277 931
1545 169
1165 1086
1541 1980
1114 1545
1896 1173
759 385
216 1073
657 1348
2228 1782
1655 2102
2228 1055
1261 466
2182 1060
1989 1055
797 1752
1343 44
2211 765
914 2280
1722 1270
1284 1060
55 1293
843 584
887 1228
1989 1039
2219 1395
2211 1876
759 1980
1103 1521
1189 1414
569 1147
1729 44
1615 1558
584 435
605 1388
324 1704
304 824
1087 1940
1175 2105
1220 1402
368 1161
1330 1060
522 1915
1840 637
1348 1173
1562 1859
1480 1950
2203 2123
1338 424
808 789
129 1977
1172 1151
316 2182
2105 1723
543 189
1175 662
1637 1414
1859 2228
2134 379
1980 609
999 2161
1674 1887
447 2182
728 1173
1330 2228
1663 808
1457 2206
2134 952
1562 1173
304 1806
2228 201
880 930
609 2056
122 385
1674 1368
474 837
1019 1151
117 2278
1338 1956
1164 1663
913 207
1840 1773
1615 2193
675 189
1261 1342
2134 930
2267 104
117 2029
1164 1540
1039 385
800 2102
7 449
1896 2056
1416 1894
2066 1342
728 172
2101 728
1562 2186
125 2032
379 416
2232 1270
2278 1261
1259 189
851 651
389 474
2228 609
2211 385
474 882
159 800
499 755
408 304
800 1722
1522 1980
363 2161
922 760
1731 1414
1545 1876
2159 1011
1175 1556
1284 1980
35 2056
1650 1692
1616 1733
1977 1414
1759 207
1650 1521
2166 2203
1835 696
922 1530
1562 1777
2102 2184
363 2024
2101 51
1519 954
363 474
1064 474
786 949
698 730
167 637
55 882
1918 1397
2166 2211
1826 2232
1989 2211
584 133
913 1329
569 637
610 1980
1480 949
808 944
176 1894
2009 800
1416 522
474 1865
2290 793
1980 798
159 1073
605 1777
1591 2280
1950 2087
1639 1672
476 2161
1556 28
1840 57
2228 466
29 1054
1541 44
2101 2186
1019 2228
1562 198
530 949
909 189
1039 1887
1733 474
1107 2211
2211 929
68 1556
159 1722
2228 2105
1541 2186
2101 1840
1835 435
2164 459
51 57
474 338
1655 2182
293 661
728 2206
474 304
1348 1980
1545 922
1840 1029
843 2211
1164 1639
1562 1977
117 1777
1811 2228
808 2195
2211 395
2107 2228
1811 73
2211 2228
549 1980
167 954
1055 949
952 931
605 1151
594 472
68 1921
911 922
1813 1980
1151 2228
1317 2211
1147 1863
184 1545
1989 698
34 1018
1030 952
1616 1660
1876 1060
795 2159
459 2137
55 1060
1813 584
581 1935
880 1813
1545 1284
989 804
324 1836
361 1164
1768 1432
1562 2280
2211 1055
1253 385
2211 1480
44 1293
14 1511
1425 1348
1175 476
176 678
1083 2192
522 1017
474 1774
1616 56
2182 1158
675 499
304 2061
379 2278
1468 1777
14 1505
1180 1339
474 1779
1457 756
2228 335
1817 1327
1989 929
51 474
1039 2186
1161 172
176 499
84 1060
1987 1650
2134 2152
1451 2283
159 765
728 675
1989 302
1752 2228
913 1777
880 385
1294 609
1164 68
815 949
1806 2102
1658 2211
379 474
1172 1980
581 2186
1879 474
1172 2228
189 930
913 1074
1498 1556
1946 1089
1039 1200
1980 1680
1103 1556
1160 474
2278 1980
44 2087
474 688
1578 2102
1989 1865
2047 2228
849 909
57 688
1616 543
1541 1348
51 1522
35 400
1658 2105
1000 189
198 1173
474 2137
637 2102
861 451
1227 2211
2182 2228
1840 474
474 1073
368 474
28 74
1672 662
447 670
609 957
1304 1173
1013 949
1840 701
610 1164
389 548
913 1395
204 854
1655 474
2223 1777
637 100
728 1811
765 1261
754 1060
410 324
2134 1811
474 2283
363 1086
911 286
104 189
1451 1545
522 1980
1615 499
1840 1704
1629 1173
1103 1980
44 719
1103 1348
501 328
569 74
913 1639
2203 804
2218 1055
122 1055
1774 499
379 1284
1562 759
1866 474
424 333
1674 1987
1639 949
1840 167
2211 416
1187 1414
32 581
1055 207
1216 1414
1896 44
1858 2118
2195 1011
824 1060
1731 1977
1663 1167
1519 499
1826 1327
502 1414
2265 1060
1317 605
2211 1980
1896 2102
939 304
905 929
40 1980
1729 2102
1073 2228
1615 1662
911 14
189 1692
2211 2271
808 1980
1073 1777
1202 2278
569 1989
1637 1327
688 548
573 949
2009 1103
1229 2157
169 2228
1615 1151
1646 1270
676 1522
51 1658
1989 201
1518 2152
2137 815
1160 1261
678 1980
911 1530
1330 499
1980 152
474 1956
400 1672
1840 719
476 1261
1261 815
184 2228
1189 1731
1639 1055
395 1158
2211 1806
1562 698
442 44
459 1865
487 1980
1949 78
637 1261
2211 1315
861 474
1183 2152
1980 2232
1164 451
678 1151
451 2232
1013 1980
199 474
2211 637
363 1692
363 1556
1980 2105
117 43
80 1980
363 1261
34 2211
447 798
466 28
803 499
1660 1662
389 813
410 2228
1541 451
279 2056
2003 1324
1175 1449
913 1706
1291 1980
1284 949
1817 1261
1790 2024
1338 2211
286 2277
1811 1173
1029 1980
474 1639
1840 1562
474 279
913 1835
1562 1468
1674 2203
2004 133
474 2232
2203 1704
319 1879
1614 929
451 931
1658 1896
1662 2157
1029 949
664 1521
1811 1545
1989 530
2134 474
725 44
813 416
1395 2186
1768 989
522 949
199 1658
1840 2134
55 440
2004 882
637 74
474 904
2203 1414
285 2056
1056 385
1896 1060
43 2199
1980 2123
952 2211
880 2004
2101 2182
117 711
728 2203
1151 44
85 324
1660 2005
68 1177
117 1782
184 1261
1616 474
1658 1060
953 584
2221 1029
2166 1414
1790 1692
104 1723
917 1017
1960 499
822 2056
2134 1545
813 1980
1674 989
44 1083
1887 57
1857 1950
424 474
913 804
1813 1019
1189 701
2016 1073
1545 1039
324 2176
664 2159
1562 1798
522 1680
2056 499
159 385
1309 2056
1859 2211
1019 189
1840 688
1294 499
328 1534
1562 1019
1019 1706
1545 815
2101 1414
756 2228
514 1476
681 883
379 1158
1183 1980
1395 1556
2061 1578
1261 1470
198 1777
1103 609
1588 1018
1425 1704
1160 14
2152 2184
797 2159
474 1151
2228 931
189 1362
1164 2040
167 2195
474 1287
2211 304
2134 2056
346 2211
808 1414
1164 1373
952 435
1083 1530
1147 1555
1314 2056
1980 1083
1811 2160
216 474
2211 1329
324 2199
1402 882
1416 1348
2186 688
2219 2228
2137 1851
1562 1000
389 1293
1976 1173
759 1229
1674 1545
1733 2228
1390 82
2101 2232
1347 1432
268 1980
474 1216
117 1293
2228 207
728 1826
324 637
2211 548
292 499
1826 1646
2211 1246
435 133
911 2228
678 837
7 1330
474 1876
1896 495
55 459
2118 385
80 584
715 1817
2182 202
1980 1368
447 2105
1261 2056
410 2176
1562 929
1545 2221
2211 2252
1826 800
2137 688
1768 2211
68 499
637 1971
51 1980
1160 1343
1541 1414
2232 189
1803 1980
576 435
189 57
44 1530
1562 656
2137 2228
1175 1587
2211 302
858 279
1980 2195
7 216
913 936
2211 1060
1541 1055
2211 1158
1660 701
2211 551
1706 949
1164 1674
368 304
1158 1181
1840 459
14 436
1541 129
1768 2134
1284 1894
1562 804
1511 2102
2211 1540
1674 1039
698 1913
2038 2228
324 2277
1588 2137
1164 1867
159 709
1158 1060
609 1268
1662 46
2211 584
1329 1935
1956 1055
701 44
954 2102
1731 2101
1505 416
1114 930
1330 189
966 1255
1187 882
159 2271
896 1414
1660 304
522 1722
1896 656
311 1639
1330 474
1771 1147
1980 949
1404 1980
1395 1511
824 670
316 1362
2193 44
1827 2161
2278 419
1151 1148
2164 363
1029 2228
1840 1868
392 2032
2278 46
1716 2228
978 1414
2182 1952
911 2182
2047 793
1087 2152
1404 1615
2211 1229
1655 379
1960 2056
1840 1338
697 133
2265 1284
858 1137
1164 2004
1545 1402
1451 815
931 385
2134 880
2078 499
1746 584
1840 656
408 2203
2164 466
1989 385
1060 385
1039 1980
913 1562
474 1891
1562 178
1562 2267
1087 1639
952 2228
581 905
1147 804
338 2203
44 416
395 1181
1416 207
1660 765
476 44
1348 189
474 2105
476 1692
2290 133
1330 1073
363 2159
952 1813
474 1055
911 416
1616 1637
911 1840
361 474
978 1086
973 549
196 474
2228 1521
1752 1918
2278 487
551 2056
1227 805
1629 1545
1835 808
1176 949
2228 1726
253 1556
1261 1885
672 1173
989 435
2164 1416
446 696
1777 1055
1859 1019
952 1859
728 1261
1660 167
2211 2199
1030 1723
1562 474
1989 1238
1768 44
1980 1724
269 728
1164 2056
999 1774
1588 1777
1545 2184
474 499
1541 1806
1879 159
1381 1395
569 1530
288 237
1103 698
189 334
1107 551
68 437
1879 1980
44 800
1172 756
1029 44
522 474
1545 804
2137 882
1615 1650
1595 1980
637 2118
1114 1692
1655 1060
487 304
1777 285
1037 1183
652 285
1980 1117
1835 1980
1219 1704
1608 1291
1045 1980
1505 1530
1655 2228
1164 2186
1148 1706
728 756
1840 1243
1989 800
1689 1229
138 28
68 2280
27 1980
1147 770
1476 1395
1915 1980
2056 385
2219 499
324 74
1160 416
51 400
1977 1216
1840 316
2164 1989
368 522
1773 929
2182 307
2004 1327
368 1373
363 476
1541 117
672 882
2232 385
389 2267
2182 299
1840 442
1114 122
1663 1556
1616 584
1175 474
2134 122
1674 2186
1733 1151
68 1270
1977 1980
2203 949
1986 474
2211 1851
922 804
51 1227
1039 837
2228 670
1980 558
1879 1291
1674 1395
146 1406
34 442
1348 804
1980 944
474 2186
1476 854
1840 1245
451 1019
1175 670
501 2277
1160 1000
1030 499
701 1977
2134 253
2004 930
2228 1298
202 74
800 670
1012 1317
184 279
1915 2280
1588 815
728 1457
1858 2021
1541 385
2265 1980
14 2102
905 873
1840 1414
1840 55
167 2211
1980 1867
1660 2102
1541 1395
474 1158
459 44
911 476
1284 1151
442 2211
1103 2195
118 1840
117 1173
13 1055
887 474
1315 207
1840 1690
954 949
1768 1867
594 474
756 2206
678 2137
1545 1229
808 1220
913 389
249 1545
887 1980
189 2186
1663 2278
410 637
474 1348
610 1151
2004 2203
1176 581
1416 1674
1164 1950
2134 1000
2103 1759
253 1173
1164 2203
2211 172
1348 1480
1674 379
379 637
29 2083
2134 189
1238 1270
1103 2105
1774 189
584 1724
368 169
189 2032
1608 2152
1416 1662
2056 435
795 931
368 1055
1863 2032
2103 44
159 1536
167 216
1164 1662
1689 930
1164 1533
476 1867
1980 688
2193 1662
913 2221
1545 1173
1029 499
167 1675
1674 2043
1811 246
1541 499
2003 584
1733 2280
1615 1639
474 2123
1158 2106
1723 1414
637 800
2211 549
1317 949
1675 1018
1164 1921
854 207
1980 2056
1616 1582
125 1863
1615 904
931 1055
1308 1060
1629 2203
361 253
51 805
1545 198
124 173
1704 202
911 605
815 1060
2278 2029
1165 1229
2004 1813
1980 2199
2103 1777
304 1423
1913 440
1826 584
389 2237
605 584
1629 815
2134 1229
1451 1060
566 609
567 605
368 738
952 202
2211 1791
697 2211
1716 1161
2221 207
249 1060
1855 1060
1768 1073
1773 1200
2038 1055
1637 304
1562 435
913 474
1562 1402
1291 393
1660 1591
1055 2123
2270 1806
1284 474
2134 1060
1097 35
549 189
2211 609
2225 1980
2203 882
1562 1733
2137 2102
1327 104
566 432
2056 1255
216 189
159 1348
1562 1894
756 2040
620 922
728 759
1840 1348
637 1777
1151 1055
2218 1060
122 2211
1562 1658
1055 2192
675 1826
176 1060
843 1662
911 1158
1562 1083
1655 44
1790 1348
1220 304
822 14
989 133
1562 1811
167 122
172 1980
1879 1039
1562 129
530 499
1395 1518
459 719
1616 1229
1175 999
501 1779
2134 435
913 198
1175 1876
1317 1151
913 1151
1476 1229
1616 1164
952 28
1835 1039
1826 1794
637 1151
2182 1539
43 2159
159 1639
410 474
1175 2228
324 1011
1291 565
361 1556
1562 1687
368 1342
1980 1690
176 1480
2134 1541
80 189
2228 1414
44 1704
51 2228
1180 1147
167 1011
2228 1796
1207 2120
1616 499
728 640
1147 419
324 1348
964 1639
989 1980
1616 304
474 931
1660 837
2166 37
1660 1060
1768 1373
1030 1539
1160 929
2278 1348
363 1650
1056 28
1330 117
1164 78
2164 1207
167 1690
1855 1980
1980 1178
1980 1324
35 1395
911 2102
474 1868
2044 1229
738 2199
2223 1692
1172 1704
1826 1414
913 1733
2203 1921
1660 1416
118 2221
422 1980
1151 896
1660 44
1261 2280
756 1556
1012 1338
2182 837
584 1324
1840 1060
2211 1777
1616 2232
2211 2105
837 949
34 474
476 2047
1616 2044
1189 1216
1039 1261
172 1894
1960 2232
2103 1055
756 2105
1980 1165
1562 2232
1533 1556
964 1060
1013 474
1980 551
2228 2157
1980 502
2228 1865
1562 2219
37 2211
701 1826
1416 1074
1164 1675
44 1414
1835 1055
476 678
1616 2278
1840 44
1545 1896
1980 1956
1731 2232
1616 1165
1868 2228
678 1060
1731 129
530 1055
474 1752
1055 2161
2232 1181
1541 2270
1980 1894
2228 789
1729 1956
2134 1019
913 1060
1029 385
728 701
1164 248
1114 402
1545 657
1284 2211
2181 474
1329 1414
795 2161
496 1261
854 198
1562 2094
1087 565
55 458
2062 2056
446 196
1039 662
849 414
1158 1000
1330 324
1245 949
1608 1087
952 609
1045 1662
922 1980
96 2137
1348 2186
1245 1960
2134 1245
670 133
1663 1187
1773 474
1000 800
265 2277
1689 1851
1658 1348
1055 466
2252 2159
474 548
1980 905
573 1980
1896 499
1545 1087
849 543
1562 379
728 2211
451 672
167 1103
652 1980
451 2278
1343 474
118 1060
1855 388
913 1175
37 1343
1416 2120
1060 1293
324 28
887 1315
1588 499
530 304
1655 911
597 1164
2228 1074
2047 2102
1980 1389
913 1545
300 474
189 670
2203 46
594 2228
2101 1758
1777 2105
1976 1980
610 1545
1977 949
2182 1704
85 502
96 1151
1045 2137
458 44
68 1521
2267 416
1416 936
759 837
1173 1368
474 637
1811 1706
98 1867
300 488
797 389
2103 1588
2029 2114
2228 804
385 2195
361 451
346 487
1189 44
1866 1867
1468 44
2182 805
1562 324
2228 499
1989 1980
476 605
338 530
389 2211
1562 1876
913 74
2186 2157
687 1830
585 1980
1811 701
2221 1296
1266 1781
1117 207
176 285
1616 989
738 1416
1392 1158
1980 1692
1291 1560
1733 999
1980 1007
389 1540
2186 385
1674 2137
249 1261
826 68
1731 1216
911 1511
1731 1562
1399 1261
637 2280
2265 2118
2211 1513
1863 1083
880 645
989 2203
2009 670
1176 905
1338 1940
1330 760
929 1159
1359 929
1037 662
1658 1876
1541 386
1166 1261
1704 2061
999 1261
896 1327
167 1172
664 815
913 1039
499 1287
34 656
2228 445
1840 952
1556 1173
1402 949
2278 474
1615 1706
1173 2280
1103 68
2132 1855
1518 949
808 2061
1675 499
1019 416
1164 1637
911 1000
728 800
1858 661
167 2199
474 2182
1562 1615
1562 2182
1148 1060
2134 361
436 789
962 1414
1545 122
887 207
400 605
1658 670
212 1639
2137 78
808 1011
65 1522
1416 363
1164 1480
1949 1980
1639 1148
584 670
1261 584
1918 1200
1560 1980
697 880
1980 1530
176 1980
522 1173
1950 804
388 2280
1161 1261
51 1887
1261 2228
2164 1662
1660 1414
1674 688
1180 2223
787 1029
1416 1980
246 2192
2228 1556
1840 1977
1087 2221
1840 1530
1147 68
451 253
913 2211
1519 1513
798 1692
1416 1734
1480 1151
795 873
1160 1530
1151 1706
620 159
1562 678
1731 949
1338 1704
1616 1261
1562 2105
117 189
1216 1796
637 1083
1545 1949
1971 189
1908 688
1055 1726
55 28
697 952
1245 1000
1164 1388
1165 1414
1284 661
216 1314
2265 1545
472 474
1338 759
269 1865
2283 2228
880 133
1172 2203
1887 189
447 2228
2211 57
1980 1791
1817 416
2203 2280
338 1151
1588 637
324 1388
1343 499
962 1187
804 285
2182 1858
1980 2083
451 2186
167 1164
447 1876
1330 1980
1614 43
1616 697
1629 44
756 1395
756 385
1946 1594
1913 1980
922 278
728 1971
2038 1013
80 1114
476 68
1896 2105
610 2056
1971 1556
522 1692
44 1296
117 44
1782 1447
122 1151
1689 324
1840 2047
1239 408
1176 1960
1660 2134
1296 1639
880 1887
1217 929
2228 74
675 1348
1395 1505
728 1348
914 949
255 304
1811 1147
917 637
1989 1200
1012 1229
288 285
1840 1887
780 2061
2186 1894
14 1412
304 2232
1980 1000
719 1449
324 44
279 2161
1989 1920
2228 904
1929 1200
129 949
1660 905
1840 189
1329 499
1045 207
1562 1060
1151 1817
2219 1173
68 1083
2211 973
1660 815
474 656
760 2105
1060 2105
1562 416
167 44
770 1173
1545 51
610 44
2134 1103
315 929
1674 472
1545 2228
2020 466
379 1533
2134 138
697 2004
84 873
1562 1449
1556 882
1019 435
363 2211
2047 2137
474 449
117 929
324 929
1158 1530
1480 2203
1588 1060
1037 1175
637 172
658 1327
288 1556
35 304
913 1164
964 854
2270 1018
402 670
1037 1980
725 2270
2219 1980
1164 2211
304 1388
1541 1239
216 2228
1064 44
1830 499
2211 815
1359 1798
1103 800
118 1562
1137 474
1989 1556
2211 2286
368 1980
1329 2056
324 1658
476 189
1840 1980
304 1956
1971 334
1817 1646
522 2280
7 1073
2211 1921
1562 2056
2211 246
68 1971
1541 1175
486 1980
843 1980
1616 189
459 1989
728 2004
1338 1980
1773 316
637 416
1777 499
14 789
2101 1037
80 133
1616 2004
1989 1148
44 882
1562 914
1896 2137
363 999
1650 499
80 1030
1607 1689
2101 1977
1562 1594
14 882
1660 1261
75 324
1164 2267
324 949
1859 670
637 2176
1261 1173
1160 1158
1817 1827
474 1339
159 670
1164 1790
1545 1172
1956 2102
911 207
474 1759
1087 2211
458 2228
2211 1726
530 1980
1967 1545
499 536
1480 338
1177 1270
1952 798
44 1980
1339 1980
129 2228
929 246
7 189
2211 1950
422 549
1395 2184
1562 905
1055 46
1545 74
953 1826
2278 68
14 2186
1989 1855
1451 1173
1539 499
354 1414
661 1530
1383 1980
466 2280
2203 246
1639 804
1980 1060
1480 1373
189 882
1512 2211
1674 1729
1562 1317
1674 1675
1980 1836
1896 352
474 402
207 1530
51 61
1330 2211
1261 1329
129 2232
44 1556
37 2068
28 499
474 1894
1840 670
474 2066
1608 34
1114 989
27 352
1317 1545
2182 1261
1616 104
487 44
2211 44
1414 1270
44 2118
1811 800
1980 656
1175 451
80 1615
68 1518
1608 2211
569 2211
1261 1980
1541 1774
2228 1200
953 1672
1731 1522
416 414
1228 1704
715 73
1545 2102
1920 2203
319 1073
964 1896
304 499
2182 1980
1060 1806
474 1963
44 931
1674 1074
584 1530
1151 2123
1674 44
253 2078
1395 2056
7 1876
1562 2118
698 1594
2228 800
640 265
68 1423
1114 584
1164 1545
2228 1706
1858 466
1733 1327
1164 1863
1216 949
2103 1158
68 2277
2228 1173
913 1029
1562 476
2164 522
1976 207
1867 531
44 1117
1639 2184
2211 2203
913 7
459 949
917 522
2032 385
1896 549
645 2252
1562 1200
2021 1329
1238 1918
474 178
2164 2211
1826 1672
1571 385
1451 2228
824 1011
159 328
1562 2134
1830 416
2219 1989
913 1480
1562 1359
385 1723
474 1505
1840 1055
610 499
319 159
1840 1639
1175 672
288 1073
2228 1530
1087 1980
1533 499
338 499
324 1261
728 1533
1158 1083
1915 1173
522 1060
2278 2232
1980 1639
728 911
53 1980
657 499
361 1029
2105 2195
678 2228
1147 104
167 1373
1147 929
1327 2232
1147 1339
698 2211
854 302
861 931
1261 1935
2101 1674
1567 1178
1615 1980
386 393
1074 1578
1541 1180
1827 1692
1615 1270
44 670
447 44
1545 279
385 1173
678 393
952 1650
952 499
2056 78
14 929
7 2066
2228 2040
1189 1840
1416 198
1395 279
1562 882
1261 2223
1896 805
1172 74
346 474
1660 385
1348 1777
1238 1556
2152 1672
2221 499
1980 1362
44 1505
304 1672
1840 196
474 1227
911 759
402 189
2199 949
1562 1555
1183 2056
657 1777
352 815
2103 198
1317 1284
1055 78
435 930
1940 565
1164 1172
858 2211
1541 2223
1012 44
1989 1293
1541 756
2211 1018
1296 1060
29 1055
1449 2102
1261 1836
2228 1293
44 1055
1957 501
35 1672
474 1704
169 44
1989 2182
2214 2056
324 656
2228 2161
2134 2004
657 1706
2101 701
675 1000
1304 1178
964 207
1840 246
1980 2161
2203 1055
1545 44
1768 1000
1103 2004
675 117
1083 929
1338 1989
446 770
2137 1073
117 609
237 285
7 1449
499 882
1151 530
760 2195
1980 285
797 1830
1541 279
913 1284
1160 1980
800 1865
1019 2232
474 2252
549 2228
1855 609
1729 2211
797 499
1765 379
1545 2176
138 949
966 2056
1114 1019
1562 989
1026 1680
361 44
2004 253
7 637
2219 1200
999 1587
2140 474
880 1019
459 2083
2211 1752
1562 1518
697 670
1817 2232
738 2211
1615 1148
573 13
1556 499
1674 2102
728 1238
167 1317
1103 760
324 1777
2182 246
324 2123
1616 416
1840 2105
379 1956
2224 474
68 2161
1533 2278
1545 385
474 1782
501 931
880 1535
1176 1935
1980 1578
1731 581
637 1060
474 1167
725 207
522 1261
1089 499
2004 1019
530 2203
2020 44
1952 1692
1164 1511
1646 1414
2290 2228
368 1164
1987 1000
1855 929
1103 253
1338 333
1348 44
96 172
451 385
1151 1414
115 1980
1220 1560
2166 584
7 1348
1545 688
129 44
459 1173
361 385
1012 385
1541 999
115 189
1158 207
1863 1913
1151 1329
1480 584
1164 2003
1309 1060
1291 1723
432 905
1501 385
1348 1558
1840 1161
1562 1148
474 1796
1896 815
880 1680
379 1083
338 2228
1545 2105
86 1692
2164 474
701 800
1663 363
474 545
1219 68
1658 1533
2152 1293
172 44
1768 361
1045 949
661 929
1562 1639
447 7
911 1160
605 2211
1840 1692
1616 451
1768 1480
2105 1449
620 1980
880 2277
1338 565
1327 584
999 1980
1245 499
176 216
959 2277
459 1980
728 1989
1151 1327
1164 800
929 1530
368 808
51 1039
1731 117
1616 2203
1734 2283
1723 499
1114 1980
285 1556
1562 800
117 1734
1545 1476
1733 808
1830 2211
476 1866
1836 1672
1615 324
1811 474
1161 1342
501 159
1817 1940
2211 1056
675 701
1170 1989
2182 1039
922 1147
249 1980
1545 1836
1535 414
1859 402
1416 688
1103 1329
1164 2044
953 304
913 1045
911 1733
2137 2283
1039 2228
474 952
324 854
1692 46
189 688
447 1545
474 1270
1562 1989
573 1055
2102 1530
1896 304
2228 28
379 44
1000 499
765 2280
1615 2211
1840 678
1545 1851
1840 1173
913 176
167 824
338 1980
2211 1327
14 44
391 1629
2228 793
44 1089
2166 1158
1989 854
1089 354
176 80
474 1971
1562 1330
44 1511
1425 1840
1556 1414
476 999
2066 2123
2211 1865
1480 2228
1175 1060
2056 1007
1817 104
1562 2102
1615 1913
1444 499
2047 949
1245 292
1060 1319
1894 949
80 435
1748 905
759 1545
913 698
317 611
1522 435
379 2102
1639 1329
1330 1774
1317 499
1765 645
304 2270
1989 29
1238 1200
2182 929
917 1261
1164 1980
307 74
104 416
459 499
1164 949
389 786
1674 474
2134 697
2134 2182
117 474
1811 854
2166 1348
1629 2283
51 880
1733 2003
1445 1297
476 1774
701 416
117 1077
728 1615
1729 1980
152 499
905 661
1840 1811
1768 1229
1045 2228
1616 1114
65 51
2232 931
1449 1530
2004 1348
922 1330
2193 1270
487 1060
1733 1639
447 1777
1498 1971
808 824
1522 2223
913 44
2134 1949
1977 2228
374 1989
1989 1173
1817 93
808 2211
189 499
1338 324
1416 1562
324 1930
1615 68
1189 474
728 80
1103 1011
202 246
1103 304
725 1894
922 499
1060 202
1876 1449
44 1060
416 1187
738 117
2211 1449
795 1055
1976 198
1348 1530
1147 2186
1840 152
1616 930
1176 265
1674 637
1189 1562
216 1774
1980 1296
1159 2160
849 1616
964 285
913 964
950 1060
437 499
605 1858
678 1866
1029 905
637 1073
44 905
1980 302
670 78
2164 800
51 44
609 805
476 1650
2165 2211
1327 189
1348 1521
447 1175
68 1980
1616 1089
304 584
1166 1255
2101 1291
361 905
474 1449
962 896
1039 688
44 207
474 1060
2211 46
678 882
1457 1229
1733 909
1164 1296
117 2211
1562 1796
428 911
1989 880
989 1950
1164 1564
1541 2161
2083 949
1637 2203
2228 2102
989 880
522 1925
913 854
1338 474
1533 605
1541 1291
1239 1867
1811 656
1826 416
167 474
361 2004
1921 1511
14 1530
474 1412
1674 1173
1826 189
1731 701
1545 1704
657 2211
913 637
808 1578
1840 122
1798 2228
678 1480
1777 246
363 1414
1480 804
44 1690
1976 474
880 57
909 1980
1562 176
1164 1089
1614 104
1180 474
1164 1556
1541 65
117 841
1420 1545
2172 2211
670 2102
1317 1858
2134 2186
80 1637
913 304
255 1239
1980 495
122 44
1030 474
697 930
1000 2102
2265 605
880 1980
167 657
1539 1930
1545 2280
1655 1261
1539 2228
1103 1723
459 2283
1533 2137
2044 1980
1164 44
728 1863
952 133
159 2211
922 286
1663 1637
1083 1055
2137 1639
2182 1151
1245 138
2211 1539
1826 1817
1660 2228
1338 2061
2152 2083
1980 2186
1658 1680
1373 499
2218 657
474 1887
2219 2203
117 2114
1562 904
2134 152
1830 584
1029 2270
2203 1950
59 949
1562 2252
1317 1165
1629 949
1164 2280
2223 1980
2044 1513
435 189
1980 786
2182 1200
55 1980
837 1083
2219 201
159 2161
1545 1672
759 1060
637 68
202 2159
1989 1521
1238 1395
1790 363
1840 216
338 1148
1840 1229
1087 2186
388 549
911 1562
1826 1086
44 1971
2211 1887
913 1173
184 1541
1317 1055
159 416
474 488
989 930
952 1560
1160 1729
1348 800
2252 2232
304 804
701 474
1660 1578
1989 499
44 2161
324 474
138 1000
34 2214
609 499
1980 651
1980 46
2211 1891
1480 1018
270 1055
1175 2004
522 28
637 1980
474 1798
1362 1293
389 949
1555 929
1545 1348
913 249
44 1148
1650 2228
1615 1187
14 1596
474 905
1849 1178
1161 1885
1987 1530
265 789
2232 416
922 1650
447 2211
1012 949
1330 44
368 499
1989 2228
167 472
1545 1658
1660 1637
913 1662
363 1348
1239 1060
1989 1594
368 35
675 800
80 2004
1164 2221
1674 1317
1674 678
1980 2280
1704 1865
1420 474
2021 1935
1164 189
1395 931
167 1073
913 815
808 2228
1164 1348
522 51
2029 711
167 2203
1545 2137
44 1894
1261 1650
1631 1414
1674 189
2290 2047
80 1414
447 1658
1616 1980
759 499
1259 584
2267 2003
1768 1060
14 416
1562 304
2134 402
447 363
1541 361
1060 696
476 1000
1512 1073
1039 189
1562 1220
1768 1541
152 385
1545 1296
1689 1980
1168 805
1545 949
1539 1980
474 189
1220 2228
2290 2211
1578 1173
803 1587
543 414
1348 1229
1172 46
1835 1060
2228 2083
1983 1270
1562 548
37 1261
1840 2157
1980 584
1588 324
594 1556
422 474
609 202
1989 338
2137 2061
1327 1646
738 1562
363 1207
1562 84
1896 1261
316 1200
1733 656
474 815
1989 1480
198 499
637 656
1840 1317
1161 44
1187 1270
1097 368
1545 954
1029 1777
1395 1229
1317 1564
80 1187
1480 530
122 2137
1765 1533
1704 1315
1835 2102
880 931
2228 1950
2186 499
1317 172
1980 1935
2166 1117
1114 1859
44 57
361 1175
451 1980
2137 178
914 1173
368 1060
432 416
1840 1545
637 609
1327 385
499 949
474 1019
880 584
1261 929
1562 670
1655 1000
573 1840
887 2211
2181 2255
1545 637
1605 1083
1562 995
1759 1315
2228 1447
1545 1859
567 1060
2271 670
1840 1855
1675 804
728 1980
474 133
1615 1480
929 189
1087 1296
770 949
573 815
1055 435
759 44
1151 1704
1987 1219
1114 2211
1989 1706
1980 1066
1060 804
1175 1777
675 1706
2228 2123
1704 949
84 2106
584 1414
798 2024
1980 565
2166 2139
1545 1019
2278 584
1291 662
600 51
1768 1556
2102 1414
913 1674
1545 2123
697 584
2221 2211
913 1976
952 1055
1175 1896
697 1813
1467 1355
1189 1977
637 1173
1778 1011
913 28
216 1530
2140 1389
2228 815
1164 1261
1562 530
1239 2270
1615 949
1980 1723
917 1980
905 1200
117 458
1035 1541
1729 2186
1261 1704
2267 1151
2277 1423
1660 122
1329 466
389 609
1616 931
1147 1060
1840 1796
1317 2228
1588 1173
474 2277
1164 253
476 2102
1989 2061
1562 701
115 1093
1545 1989
1658 1777
176 2137
1790 904
7 2102
999 499
770 1980
896 104
1729 1530
436 1865
216 449
1980 536
1582 1980
44 1887
599 1980
1863 388
913 701
195 1980
2103 1060
474 1342
1348 1779
728 2228
2137 2192
687 768
989 1270
1840 51
1879 662
1790 2182
1284 2228
474 1530
2044 2211
1588 198
581 929
1867 949
678 44
1087 44
474 1896
1616 7
584 1329
522 2277
2061 1011
1259 765
1355 645
1980 1173
1637 2228
929 207
1390 324
34 1087
990 499
1704 1055
1151 1935
299 2024
1840 2186
51 688
1164 2137
391 189
374 459
1545 474
605 304
159 1650
1796 1414
44 656
1039 1971
184 1137
1826 962
913 2105
637 44
1045 1594
2186 1187
363 645
1840 1087
1662 2102
317 2219
1172 307
68 1827
44 1261
1541 253
1835 1449
1176 1929
675 1480
424 1980
1655 1562
676 1980
1639 207
2228 304
637 2137
2211 2195
474 1813
914 100
1658 1449
1980 2234
1164 989
1562 338
386 1980
368 2066
1168 1896
446 2211
2134 1813
2103 815
913 2280
522 880
476 499
459 2152
44 815
949 882
2166 765
1840 2016
304 2195
1348 904
1976 2137
18 1826
1690 499
2211 2102
1107 1980
1706 1055
1039 2157
416 1530
2009 1164
466 1935
675 530
304 2223
338 2123
167 1480
1183 1348
1541 476
675 1181
1151 1980
1291 637
1160 1857
1562 2157
1857 499
368 1896
989 952
86 189
1768 2004
2203 304
697 1980
117 1060
1863 1605
447 1692
476 1229
172 1851
843 207
1060 1181
1675 2228
1639 385
678 2047
324 1148
1114 1851
1309 1521
2039 1018
2211 786
189 1723
1674 2228
2134 637
2134 133
1608 2186
1616 765
2166 1329
999 474
363 44
1239 678
1533 584
1768 499
1840 1908
1731 1796
1545 212
913 29
1840 2232
474 1777
567 1317
1238 2228
1338 1545
459 1060
304 1777
410 2211
1980 1414
1675 2203
1768 1562
167 2176
1545 880
1957 1019
1637 334
122 1980
911 474
2101 1887
905 1690
2219 117
346 1706
304 805
1595 1044
1588 1733
1291 385
43 929
1840 1296
184 1980
363 1165
304 2277
698 440
501 474
129 474
2013 2193
1980 957
1662 1692
1615 2004
530 1706
1980 466
1166 2211
361 1173
189 949
913 385
115 2228
1164 952
1929 1935
914 637
80 880
368 1674
1539 1060
697 2228
728 1663
1759 1704
530 2228
913 1087
35 2159
1158 2228
293 2228
1689 1395
1674 416
1734 837
2211 189
922 474
2211 1181
815 1055
1987 1521
159 2228
34 1980
1826 2228
728 1187
1545 914
386 474
1675 44
1774 1980
694 952
1806 2195
1045 1055
1164 1733
176 1545
1416 1840
1151 1060
34 1672
1522 474
1989 905
1545 335
1588 2102
346 1867
2103 395
2211 949
1674 701
854 28
640 1270
1674 476
1615 1989
905 73
1175 1366
117 499
1987 1704
2228 1000
1616 1650
1646 416
1562 569
1660 1368
1660 152
2211 1857
905 1935
115 499
759 474
2134 451
675 2232
474 949
1655 1980
917 1915
1296 2056
2228 57
2203 1723
1826 363
1533 1530
1541 474
288 28
1830 1960
765 2228
1777 28
1615 1414
1562 55
189 2157
2134 656
2182 1950
1317 2054
474 800
299 1692
2101 385
697 474
2211 670
1541 1817
167 804
1608 1060
1556 385
826 499
2152 786
68 2228
278 385
2232 335
265 1867
999 2228
2182 1692
2211 909
1261 475
1796 949
1060 2199
2228 930
13 44
896 416
1660 2280
2203 307
1012 2228
1826 1989
896 189
1835 28
216 44
687 1777
361 499
1541 2004
1314 1963
514 656
44 499
1835 2228
905 385
2211 662
808 2056
694 1164
2047 1980
1650 1556
1835 1896
880 952
999 837
1840 1117
922 1704
1392 2186
391 1259
1774 449
1545 576
605 1060
474 307
2211 435
304 2040
1980 104
1660 499
2203 1511
204 815
176 2267
880 435
2265 1261
880 440
1083 1187
1989 1151
44 1402
1414 949
1012 474
1768 385
549 1414
1147 78
2182 28
34 759
1629 499
7 44
2211 1704
657 2176
1840 449
1813 2228
1663 640
1395 1918
569 1011
1562 402
954 2184
1980 57
1148 2214
1338 637
2211 688
2137 352
1674 1950
2004 304
913 2102
80 304
1957 189
717 2039
1562 1304
803 1774
2172 474
1639 2186
672 44
849 416
1395 929
1261 2123
432 82
728 1983
2228 449
584 930
117 1929
1615 1501
44 2043
279 2102
922 385
656 246
1030 1521
216 1284
759 949
1518 1980
1976 499
569 2228
59 402
1674 1956
610 249
1309 1980
843 1414
1545 2203
2137 246
1476 2004
1840 1160
2047 133
84 1687
476 1587
346 1980
167 1151
800 882
637 2228
1103 437
1674 1692
1652 1018
199 51
2278 711
1562 2004
1866 2211
1189 129
2181 1980
1175 1774
1674 402
1662 2228
1607 2211
1533 1558
1776 1261
1261 2161
2101 57
824 1806
929 2199
1811 2199
728 1018
1045 1894
1077 189
1692 2161
1616 1414
1980 1329
363 1859
573 44
1541 565
1858 1935
44 1827
368 302
1089 1723
1261 207
117 1073
1773 2182
44 1692
2206 1229
1253 1556
1175 1291
913 1449
697 189
1562 466
1616 1723
167 335
474 1165
324 46
1660 1480
911 1261
18 2003
474 1511
459 637
728 1270
368 1885
476 1989
1017 1173
1687 1060
1541 672
929 28
637 1368
28 1955
474 530
1545 882
581 1200
728 385
754 2211
701 129
1338 1817
1539 1255
1733 1018
1858 385
1662 1019
27 1672
422 499
1227 44
756 2195
2164 2193
2166 2280
1245 1865
324 159
1151 152
795 905
911 1830
675 2219
1468 2252
664 1107
637 499
1164 678
1687 2211
911 2134
1733 385
728 2137
2221 2228
198 1060
1594 1980
1402 1639
1451 2137
1000 1530
2032 2186
543 416
1588 474
1578 1368
1660 361
459 189
913 1660
1245 2056
446 2047
1029 1151
1060 954
167 1980
1556 1692
487 1304
1980 1596
1915 1261
2164 1722
1103 44
1840 207
476 1649
725 949
1480 44
476 882
1887 2157
1588 1480
1868 949
1896 207
1660 2203
913 800
1704 28
1639 1540
637 2283
754 1539
1261 1858
1348 637
1989 1159
605 1650
1562 1160
1395 385
1562 1976
1662 1074
728 1556
459 466
393 1055
1980 202
1660 124
1560 1044
2101 2211
1069 1348
122 152
1019 931
1164 1103
1768 804
2186 2102
843 1327
2172 442
1228 1759
216 28
2137 385
212 1692
1562 1530
1989 2157
96 385
1616 728
2211 1165
1317 1060
728 1055
7 657
1505 1980
1980 930
1826 896
2267 1414
2219 1723
1790 798
159 1019
2228 1368
1989 1918
167 1060
316 1039
1467 68
2211 2032
1752 1556
1545 656
1151 962
1980 576
567 1980
952 1161
201 1173
1189 1796
1980 1011
476 803
1703 432
600 61
999 1987
637 929
1562 1114
278 2277
1980 321
1164 385
675 1811
1327 1329
1733 324
1896 1980
176 637
2182 2203
410 7
1176 285
2278 1692
368 2056
402 133
2166 1562
1164 672
352 949
1840 1164
1039 1083
2228 548
447 151
1863 1980
1348 2232
1231 719
1545 304
1989 815
1616 385
880 474
1416 1368
304 1270
929 995
1114 2004
962 1646
913 1296
1989 1229
316 929
2160 1865
2134 1556
1399 1687
1172 304
1768 1950
324 1055
914 474
474 1548
385 499
279 2184
68 1692
913 1989
909 414
324 1480
44 1074
760 1980
44 1229
1637 416
815 499
474 1261
1946 1202
389 1980
2056 954
1655 207
670 1449
2203 1402
2134 1261
159 795
1541 882
1980 815
304 2056
51 2186
2278 2228
501 1348
352 499
1348 2176
1562 447
2105 670
2101 2228
293 1284
2132 51
65 1348
80 930
1029 1690
1151 246
913 793
728 1327
1608 2047
68 44
346 678
2101 1980
474 1011
800 2061
789 949
68 882
129 1216
474 1605
2267 1187
728 1865
44 2186
698 1980
459 2102
1639 1652
1896 2211
1731 474
1055 1397
728 1639
1674 2047
1348 1817
1840 416
1637 474
328 2277
681 2211
2234 2280
824 1980
1733 1177
999 1692
1498 1533
754 2182
911 159
905 189
1615 44
368 2123
581 1380
929 499
117 1200
7 474
2101 1175
1348 499
7 2228
1716 1284
1863 385
2267 1200
1562 1971
883 1173
1245 28
1055 333
7 1658
911 1480
55 1362
728 2190
125 1558
1980 2152
184 2211
1114 2137
1980 1255
1416 1227
286 1980
1291 2195
1562 949
1913 2228
697 989
1541 1522
2211 1599
44 1521
1777 178
44 2203
1239 499
1896 198
1545 189
1777 949
1231 44
1674 499
728 416
2004 189
129 1796
1291 2211
391 815
2278 1253
1291 1817
1416 2199
1826 1187
1513 499
1595 952
199 324
1980 825
522 499
1650 385
2105 2102
1291 1261
416 189
1160 499
2137 1980
44 1706
96 1980
1018 1173
1160 2186
34 1148
474 1680
1886 1060
125 385
1227 499
167 952
2219 1706
913 1148
363 1980
1768 1980
2102 1368
2137 499
1103 1806
701 1578
389 1562
728 656
176 2228
1314 1980
2152 949
999 1556
2186 1173
124 2234
1348 1827
2203 1639
1704 385
1395 2152
730 904
1432 949
1989 1662
44 1039
2193 904
1431 1840
1029 1220
1629 2137
1073 2176
2203 1148
1768 1103
1114 952
1556 2161
1791 1060
7 1261
389 2228
2219 611
270 1261
324 1980
1583 929
44 2105
1013 1894
118 1777
1451 1629
1615 2203
474 1117
1291 1220
1689 1214
474 416
1176 1830
2068 1291
307 28
35 474
459 1987
2203 1373
1239 1866
1348 1373
2265 385
1840 1588
1019 402
2267 1646
1616 440
2176 1777
34 61
1980 1960
1768 346
278 1649
2172 34
28 949
2164 304
1327 1925
1416 1896
1395 1530
1957 1662
1389 78
169 1980
1097 1567
1414 2280
1164 756
1545 605
1980 931
1716 1073
701 949
1012 922
1533 2232
474 2271
999 2056
2211 2152
2221 2056
363 299
1147 2137
1314 474
738 964
386 1214
167 755
1069 2120
1219 882
909 1960
379 949
1480 2123
1029 672
14 1980
2252 1980
2137 189
1813 133
44 1908
117 290
1176 1989
701 1368
770 1060
522 324
1733 159
1074 2102
1830 2182
1284 1178
759 1989
368 1545
738 804
1259 1261
620 1530
675 929
1480 1148
44 1395
474 2223
1064 28
1562 1706
2140 78
1672 2199
1284 1639
451 1556
2267 1270
1980 2270
2232 1055
2283 815
913 2056
1980 1086
1545 1806
361 122
808 1261
952 416
1019 385
962 416
368 1768
1261 1000
675 1658
1987 44
1562 877
176 1044
2176 2228
44 2102
499 2123
1562 1147
35 1896
1238 201
85 1980
2199 1200
1347 952
44 1796
637 949
658 1615
474 207
476 286
1545 424
1896 929
1773 1989
880 670
701 1074
1381 1980
1202 114
670 930
759 725
1980 1587
2211 285
1674 216
1596 882
2182 661
1342 2123
474 584
368 670
2219 530
189 2102
678 68
1980 1055
1615 1060
1202 1980
1103 1173
1519 2044
1019 930
474 2280
1189 2228
1689 1011
1840 385
1089 1639
1160 1950
765 584
1562 1284
2166 474
2182 637
1175 2102
1000 929
1963 798
1545 2270
1245 1980
1545 1397
474 1513
573 2228
678 1044
1355 499
1545 2224
2159 1229
1060 246
1840 1329
1733 1980
159 904
652 1200
324 1949
2211 1293
324 2203
913 1578
1151 172
86 46
675 1615
476 278
446 1060
472 954
913 914
2267 1327
1980 1366
1175 385
1663 1983
474 44
104 929
962 1327
1658 1639
2278 931
1768 678
1261 1055
115 474
307 202
952 279
676 474
44 530
698 995
2166 1817
253 2102
167 989
249 1089
122 1029
2267 548
159 1055
2211 402
1114 880
1540 786
803 1980
913 100
1200 1935
569 548
55 2193
2283 1173
1017 28
1674 1980
311 2228
738 1060
279 954
368 1261
999 44
1060 2102
1562 719
14 1956
701 1348
1330 449
1026 880
1660 1327
474 1859
115 929
474 793
117 1018
657 1330
68 949
2228 882
2232 1796
44 1158
2252 416
754 805
952 2199
117 432
2044 1564
2228 1148
1212 1432
880 688
474 1389
55 1187
1545 1175
1103 385
1304 1849
913 2164
1840 1989
14 756
573 2211
599 474
760 499
176 1777
1989 1548
51 189
854 929
2278 1530
911 34
952 930
1655 1639
1840 379
1567 1849
2044 1165
1840 2211
1545 1055
361 1690
1060 466
1674 1480
2228 1894
2265 567
914 581
1980 416
1811 715
1521 2161
422 1261
1327 1723
2134 2228
1089 1414
952 304
172 499
2228 1578
184 1166
286 1649
913 1348
672 385
199 880
964 804
1239 487
172 1055
80 1019
620 2193
1545 1239
605 2277
1957 408
80 2211
1114 1151
1217 822
2123 949
201 1556
1989 2160
913 1704
738 474
246 28
2054 1060
447 1449
1639 279
1687 1261
122 905
962 2203
2182 207
51 1060
2232 1253
609 285
1564 1165
1658 2228
861 2278
1650 2161
1777 696
896 2232
1674 2211
7 1161
2152 1865
1151 905
1017 474
1471 569
2219 474
474 78
658 1722
1731 1018
1658 2277
2182 1530
1777 584
2066 1261
1582 1650
913 2193
1348 416
2166 1980
675 2277
1733 2061
346 499
237 1556
2228 949
1073 949
1164 304
34 2056
2134 80
1616 2228
432 609
391 584
152 905
1980 1722
1327 304
1616 1327
338 1706
1097 304
2134 246
416 2102
2062 1055
2101 880
474 1980
1228 207
1518 1556
117 2228
1293 949
1987 2228
2062 1060
2211 1373
363 798
637 1000
2267 2232
1545 7
1035 1618
913 2118
854 1896
1980 1556
1615 1348
1639 688
1227 1060
584 1672
167 2228
1164 1173
1545 1858
2047 770
129 2211
1545 929
1060 28
474 1173
392 904
1147 905
569 929
605 1980
759 599
1228 2211
1327 2280
843 2166
1980 929
1284 385
1840 1674
1239 999
2267 929
446 1980
952 1151
2172 2271
1885 2123
216 949
701 1989
249 1296
1390 1980
1588 44
913 2252
1395 1414
459 474
1855 549
2066 1885
2219 1148
1164 670
861 2232
989 2004
442 474
1980 2159
324 1956
1083 78
1811 1348
1674 882
402 949
1291 756
1562 2106
424 1173
1276 1055
1562 1868
1989 770
765 1329
1980 1940
1840 1200
1629 882
389 2159
1989 804
978 1165
1545 1329
964 474
1164 1270
428 1338
522 302
28 73
368 804
2219 1556
1660 1957
1716 949
1348 2203
1650 1000
2137 949
2223 435
1521 2159
1089 1060
1956 1530
952 1980
1980 1887
1980 1200
104 1187
2009 698
487 1173
44 1956
1511 1530
808 44
2211 2232
2134 1114
675 51
361 2228
2134 499
2211 1298
989 1348
1545 2047
666 1980
176 1151
678 1777
2056 2102
1840 129
1777 768
681 1980
2278 44
1662 1173
1562 522
1261 1639
2278 114
1675 1373
1558 385
913 1840
1830 768
1660 1029
1172 1337
368 2203
1505 929
1776 1164
1562 499
1562 7
2134 1173
2232 1414
57 2157
1416 1908
905 1513
698 68
2114 711
1840 1330
1395 189
1045 815
1734 1782
2228 1216
44 1449
1987 1261
2140 1980
1980 1963
474 1402
476 1432
756 1723
1655 929
1980 670
55 117
2134 1083
1055 28
1731 1989
728 496
2211 2223
688 2157
1261 882
530 1148
913 1891
1147 760
285 2199
1220 949
1768 949
1660 805
43 949
324 1018
1655 1530
1562 1276
800 207
374 719
2047 1060
605 2118
738 1980
1330 605
1729 499
1404 770
2199 499
1348 1011
1317 385
1866 1432
1731 2186
44 1857
1674 1348
2211 28
60 437
476 1987
989 1019
451 2152
111 1929
84 265
1615 1637
2134 1690
1980 279
379 645
880 1395
7 2105
1330 1293
2083 1865
694 2280
1562 1261
1103 670
1806 1055
1674 1505
1840 292
1989 2252
1980 437
1674 2032
1663 189
1887 2032
1238 1983
756 1229
657 324
1151 307
98 911
2182 44
657 1073
1019 530
675 29
657 637
2267 896
1840 410
1752 2159
129 1414
1314 1806
1564 1414
2134 1980
1594 2270
447 1952
379 1073
637 207
824 944
1806 2184
1768 882
1545 672
1545 1891
1660 173
1946 1863
1768 1175
1980 1599
990 2078
2211 133
386 416
2047 2211
1029 207
391 765
999 1827
1863 1558
1615 548
459 1530
1114 2228
410 1777
316 1855
1461 1980
1451 459
2053 1261
1562 880
911 929
474 1432
1545 1887
1151 1513
2203 584
808 2270
393 1261
1172 2040
1348 1540
13 815
1980 2062
2193 159
1615 304
1176 789
2221 1639
1835 2105
1840 954
354 189
1348 1908
759 486
14 1865
759 207
1660 1690
1977 1796
2004 1414
80 2228
2164 1777
1639 285
2228 688
2228 1704
1773 1855
2195 1414
51 2032
1987 1827
474 435
522 466
2232 1646
7 1777
474 246
324 117
1545 2157
68 1039
728 1229
65 474
955 1019
911 44
2267 569
1768 1173
637 1530
1663 1270
2228 1449
759 304
55 385
424 1055
1545 324
1562 1175
522 1658
335 499
605 551
1731 1840
389 246
122 1690
1662 2278
2267 1777
1178 929
1087 1151
1616 402
1980 2021
913 905
451 474
1950 1373
476 2157
1704 307
759 1029
1855 2280
1876 2102
1545 1777
1017 1261
1840 569
422 2228
1840 2182
2211 1073
2186 1530
1083 2056
1867 1432
1674 905
1562 854
1541 2211
549 499
1863 189
55 1147
2211 2270
474 1950
1836 2152
1660 1615
1980 1293
1329 437
44 1921
117 566
1768 1674
2134 1164
346 1432
1616 1859
476 2137
1469 657
311 207
756 1980
1160 1395
1261 1971
1639 576
1672 804
658 1925
117 1675
496 1639
1512 117
1840 1658
1055 2056
1261 1530
1545 1449
1545 2211
922 605
581 1173
566 1980
1896 1940
715 905
474 1706
476 1521
1425 1416
1035 1607
698 670
1261 2152
68 837
1540 949
1338 2232
1798 1447
1229 949
1768 2203
44 1216
1768 2186
216 1594
2228 1187
1929 929
854 73
989 2228
793 133
1777 1876
1087 1329
549 2234
1562 584
474 202
1164 1791
1030 1161
637 385
44 466
1733 1925
1151 1646
1616 698
7 324
913 1089
1416 854
522 2120
1013 335
840 904
1097 2056
911 1980
911 1083
605 2228
1672 2186
1562 44
675 338
1338 2282
1826 104
798 416
14 1395
1859 2203
474 2056
1637 1187
2283 804
1674 949
1083 207
1164 1147
44 1518
664 2056
422 929
1404 40
379 1395
474 786
2021 466
55 1330
787 805
416 334
1660 1074
1817 2120
2103 1045
1000 1521
368 1229
474 2176
1164 929
1658 1558
167 361
1055 2102
672 2211
1706 499
1261 385
285 1200
1689 1476
1776 1980
609 1229
338 1055
656 1018
363 2120
1827 1521
1629 637
1706 2123
1616 843
1026 324
605 1395
1674 804
675 1055
2211 1261
1637 2004
620 55
2228 786
760 1650
1539 805
379 1505
1639 499
1416 416
1161 1798
1835 1175
474 198
1545 1639
1608 78
167 1774
447 2102
2211 2176
1348 1704
1164 1175
913 1019
913 1468
2101 662
1595 1560
728 1851
1562 1987
1416 44
466 1173
989 1480
1840 1395
55 1339
1562 1980
400 2152
363 68
472 2211
849 189
698 1564
1284 605
1317 954
393 474
1655 1160
1087 1007
253 882
676 65
759 2211
1616 670
474 1161
1013 759
1562 1672
474 2032
98 159
1147 1530
1151 2056
474 1148
1608 2228
1291 1339
44 1220
474 385
675 1980
1261 1379
1989 1704
917 2280
184 1220
678 1432
2228 2056
1317 472
55 474
167 2134
567 385
1416 2102
1989 316
