669 203
653 650
890 201
449 74
514 502
117 77
767 391
17 1
31 24
795 486
419 278
963 341
554 257
658 148
342 257
912 371
975 816
434 173
800 262
861 133
859 827
800 401
672 586
861 26
826 301
246 210
652 35
806 391
442 370
962 451
985 478
664 468
860 800
992 321
424 339
541 152
704 149
429 17
990 138
201 27
672 61
948 457
262 26
870 795
723 357
450 7
565 373
809 392
675 467
963 40
494 333
610 55
806 769
730 584
931 791
977 861
861 496
931 13
256 128
729 192
953 752
128 40
437 210
597 138
800 514
706 346
729 679
544 495
419 62
966 594
953 28
911 159
797 181
936 652
765 449
401 168
772 457
653 405
478 102
675 496
451 411
716 574
977 672
966 97
871 476
904 257
913 17
899 194
610 590
737 72
795 8
930 74
494 117
584 501
201 86
822 665
564 201
469 257
748 219
950 129
703 451
861 401
541 432
138 1
473 449
468 128
517 371
663 83
721 210
476 323
963 90
436 24
928 94
984 451
912 106
522 317
485 201
584 522
478 282
898 811
72 17
617 401
966 185
986 698
731 720
703 383
966 419
527 451
391 384
430 94
711 104
800 623
963 847
486 485
401 353
189 85
459 83
772 507
861 566
445 17
950 806
942 336
262 257
866 342
800 278
975 571
975 192
859 17
826 317
193 106
966 152
585 266
975 478
886 670
839 381
950 478
893 772
966 611
950 672
672 77
201 176
772 77
914 623
816 665
434 201
950 769
800 186
97 77
975 553
975 716
911 754
963 710
914 278
791 45
848 807
939 866
566 200
913 449
302 160
811 531
451 128
975 256
738 729
827 83
765 742
911 401
800 530
969 224
966 727
788 405
273 122
646 483
737 478
711 703
721 381
809 473
866 280
919 262
385 94
798 7
449 177
963 866
861 428
282 77
848 581
975 412
953 545
604 17
544 264
648 483
704 168
755 270
767 106
475 201
672 240
861 601
963 224
483 391
392 292
752 657
584 485
485 83
948 772
945 13
861 258
346 128
767 584
128 107
871 493
423 17
391 260
210 83
391 16
861 549
891 210
437 401
549 77
896 469
463 152
743 401
861 25
963 800
861 494
72 1
828 584
146 128
975 457
771 485
715 256
437 69
370 40
913 86
657 260
203 146
748 272
665 201
861 689
809 40
371 279
391 83
871 83
721 57
928 492
791 637
795 339
912 339
83 1
501 49
854 323
686 317
889 128
385 249
686 302
485 282
861 463
711 478
950 861
77 74
566 451
965 522
785 17
966 498
827 201
966 361
992 353
716 318
948 72
776 55
796 669
975 914
262 77
975 663
704 320
871 658
864 672
861 658
932 39
893 62
816 798
736 522
257 210
963 159
278 168
476 273
813 782
478 210
278 39
930 457
866 156
939 729
485 315
648 552
269 117
861 464
789 36
465 451
664 61
507 391
657 476
966 102
952 711
885 296
772 584
893 672
966 946
987 946
966 809
861 584
476 381
936 811
940 210
994 262
861 444
703 35
953 799
962 539
791 360
971 128
810 550
541 165
706 262
553 26
767 401
800 577
811 195
770 685
939 203
958 17
838 571
791 704
442 17
985 795
993 577
664 527
749 672
812 282
404 248
724 201
789 102
826 430
411 360
811 577
776 756
861 6
839 507
781 738
256 232
546 201
270 138
800 608
861 672
31 11
605 323
742 390
721 69
800 1
476 424
248 4
703 605
663 553
800 156
772 210
608 231
975 546
346 262
919 451
401 333
743 385
638 71
451 313
696 461
994 210
901 484
767 617
861 407
514 17
360 17
969 89
858 391
342 210
571 320
853 527
979 162
638 449
665 663
691 3
83 17
968 451
711 433
854 494
800 449
385 201
451 278
664 163
719 711
507 381
966 248
861 340
657 483
991 704
270 17
767 451
800 531
800 686
975 182
785 608
57 17
661 71
861 631
195 77
958 71
975 814
584 455
893 323
494 246
552 201
494 381
901 541
930 473
914 493
796 152
531 210
266 152
886 729
594 246
746 97
928 665
811 210
704 292
966 930
858 83
772 278
977 434
907 201
401 83
385 190
587 26
953 930
788 664
159 151
975 939
810 201
991 296
654 152
975 380
891 522
966 433
219 152
224 210
168 40
527 203
17 7
914 861
788 449
926 806
499 347
977 294
665 449
434 385
672 294
972 201
478 17
201 94
861 131
826 17
670 160
975 242
861 24
852 173
975 71
861 493
729 24
807 581
994 195
657 17
986 799
729 370
936 195
953 610
755 249
966 271
256 248
991 861
716 403
806 695
858 142
797 210
963 809
619 138
201 54
800 17
950 823
813 812
923 449
738 19
789 381
814 800
980 930
685 493
451 146
861 323
35 17
424 7
449 445
936 162
219 198
442 159
393 140
465 210
459 381
811 113
810 670
702 16
672 195
804 201
963 37
672 94
248 168
896 654
711 465
800 203
663 201
770 83
190 152
800 465
975 176
864 371
975 948
540 320
451 262
552 315
861 303
736 39
730 638
810 465
975 452
790 403
866 689
270 201
203 83
729 646
769 442
899 461
665 138
475 116
152 17
958 861
948 262
765 373
473 248
749 468
782 451
478 71
772 128
83 62
210 121
81 73
810 83
975 26
339 280
517 128
790 434
966 317
664 371
790 201
963 571
966 914
772 262
861 723
457 262
637 522
292 278
97 1
590 552
442 353
381 257
648 157
698 648
713 410
945 584
203 17
586 391
574 271
809 62
980 266
861 564
695 132
866 449
169 128
800 157
770 97
698 451
711 117
949 71
911 608
74 57
346 17
866 126
432 219
337 210
344 154
871 279
899 896
715 390
754 608
871 392
451 46
541 17
966 383
360 201
210 35
975 331
966 746
991 845
704 370
152 35
827 346
953 17
665 37
607 17
201 182
665 434
71 26
772 79
280 219
544 83
672 341
992 688
445 346
861 244
820 704
866 138
738 35
861 73
657 248
842 573
887 430
966 116
866 811
314 72
493 17
424 210
729 419
945 541
477 201
818 135
861 737
665 6
963 638
930 57
403 393
972 17
928 151
623 493
192 1
587 451
919 256
811 754
975 128
478 437
923 901
969 763
520 24
748 230
599 219
654 543
866 577
465 49
860 608
648 485
861 349
886 800
665 154
876 468
966 798
911 83
861 599
912 590
257 181
862 526
928 182
827 541
812 203
742 159
476 193
861 54
549 457
720 385
952 451
861 256
966 438
861 555
992 541
704 62
786 742
391 262
966 664
990 35
393 363
861 686
672 428
986 517
990 384
821 451
264 110
97 17
584 262
617 282
861 492
985 713
984 566
664 193
806 442
966 26
381 273
859 360
966 401
871 62
755 248
962 341
923 541
950 461
583 173
391 216
827 623
201 24
912 623
967 11
896 672
980 861
845 485
501 26
921 152
772 195
923 743
457 201
436 201
724 344
292 83
896 257
932 598
478 380
339 71
861 461
950 541
888 610
566 449
811 401
430 143
849 738
975 905
24 17
767 203
201 57
473 17
963 923
665 386
422 293
737 451
665 271
97 83
826 77
770 423
610 360
861 669
401 29
742 610
986 711
866 17
861 302
381 201
385 341
871 292
975 393
871 473
449 346
799 11
256 167
950 657
457 401
248 83
896 451
752 646
838 704
953 912
805 159
975 144
945 357
271 262
969 638
852 3
975 485
493 274
302 209
966 200
785 514
262 159
527 282
219 138
975 755
437 17
888 299
573 485
219 7
943 198
391 273
430 201
742 565
391 138
770 574
966 915
401 242
473 83
501 40
468 278
809 419
686 138
893 371
963 743
385 48
911 514
852 159
411 17
449 373
936 106
433 385
669 601
449 102
800 610
963 17
769 507
866 601
811 16
861 563
861 159
948 584
294 173
401 371
698 189
434 293
978 806
896 423
860 754
752 210
485 279
861 508
896 24
871 278
986 664
451 17
889 861
541 536
704 248
755 478
981 949
785 754
911 28
468 193
772 72
912 686
912 458
736 637
584 341
207 125
866 806
162 102
800 451
975 162
302 280
861 477
898 329
594 381
703 128
729 72
966 254
861 338
985 391
654 438
571 478
860 785
689 293
737 201
452 97
756 55
610 219
584 457
341 240
861 212
390 317
866 560
346 77
743 449
262 1
469 232
260 26
765 565
966 451
272 219
573 468
498 451
975 631
541 210
969 134
966 565
827 270
574 194
577 138
138 128
574 457
861 811
522 386
970 800
318 210
975 501
977 975
613 128
953 698
838 83
950 483
711 116
966 665
946 186
930 711
501 302
371 315
461 201
958 877
886 159
584 17
549 74
371 17
442 28
670 59
800 282
211 71
346 210
756 323
724 461
800 405
812 401
911 552
230 162
573 385
975 672
871 128
953 493
723 83
896 854
401 195
796 424
975 936
577 449
192 97
977 498
866 494
798 333
698 464
669 35
696 201
478 381
738 17
984 256
522 203
659 140
411 117
948 574
798 665
654 423
451 1
848 72
727 6
293 201
800 657
401 17
521 373
772 322
657 273
772 437
452 7
201 165
798 442
665 385
658 210
980 866
963 128
949 861
657 648
791 784
826 74
942 152
962 672
975 7
673 485
953 648
451 117
899 861
485 476
966 464
341 210
713 478
428 348
424 384
781 380
702 49
966 812
350 184
262 17
371 35
492 159
767 522
478 69
457 138
441 201
854 384
923 385
861 441
102 7
776 622
669 492
456 273
871 571
828 800
729 262
950 133
899 39
391 133
966 549
541 396
210 206
966 912
939 83
772 256
861 721
468 279
870 248
742 17
294 61
97 7
939 522
317 205
434 182
476 210
930 371
610 299
861 410
966 189
970 711
670 159
966 40
49 16
975 723
953 476
664 340
781 190
665 74
688 353
818 493
584 1
947 791
853 724
809 278
206 128
665 348
104 17
970 210
476 318
549 239
544 173
478 7
915 672
560 323
648 541
975 81
861 507
986 665
346 83
513 160
664 210
966 11
966 650
866 669
423 35
581 201
442 24
827 451
338 124
574 1
295 71
877 703
672 182
723 492
861 531
574 210
584 32
441 274
436 87
441 159
798 189
610 451
861 242
540 248
975 173
449 141
381 336
975 54
381 55
706 201
648 210
960 315
811 246
996 966
716 476
419 210
159 71
980 631
811 476
791 552
861 767
913 346
963 410
942 654
861 628
952 936
893 203
665 286
478 90
898 128
977 852
800 483
861 424
28 24
451 248
953 664
186 11
381 365
573 350
654 541
767 493
704 172
966 703
770 729
486 463
833 507
589 493
665 485
317 146
816 800
800 97
353 317
318 256
710 142
923 401
808 239
942 203
401 157
478 410
281 24
861 286
966 57
465 17
517 17
985 77
729 483
966 291
866 638
154 73
801 672
966 896
637 177
861 63
990 390
483 424
464 11
445 401
800 128
866 323
871 767
292 62
610 17
587 553
962 210
665 549
571 376
838 272
584 574
969 526
861 383
826 445
703 230
966 24
498 280
813 401
157 17
26 7
950 451
912 896
761 248
969 963
767 419
723 201
952 788
858 262
891 704
975 770
861 653
862 724
663 485
371 106
429 390
800 437
195 83
742 577
520 342
302 270
597 256
729 203
898 577
969 449
797 337
449 126
992 357
210 17
950 313
501 410
481 157
138 72
672 198
861 750
424 152
928 154
672 492
861 845
789 385
970 104
657 461
861 87
493 442
552 318
573 184
810 476
240 230
664 279
729 574
871 193
911 493
990 87
966 571
371 332
704 419
966 950
928 403
861 719
614 17
990 436
673 522
723 294
912 282
257 55
866 401
478 74
721 478
710 159
385 162
381 83
861 269
940 337
967 861
240 138
117 71
690 451
428 201
608 544
706 665
391 132
928 434
173 3
274 159
704 541
280 224
971 541
861 826
478 37
942 449
861 143
896 341
478 144
963 648
800 391
969 912
963 210
623 201
555 385
743 138
795 584
451 381
507 89
541 13
384 179
953 483
210 63
262 74
990 128
704 278
975 886
896 856
665 73
809 168
201 154
169 19
912 493
499 441
956 116
896 441
704 571
866 339
861 144
948 800
800 422
686 445
896 143
467 154
451 317
302 138
966 157
281 201
451 166
985 49
896 798
914 772
256 203
800 520
340 203
110 42
737 17
800 798
919 861
871 711
950 911
672 477
703 638
772 189
436 219
278 40
756 353
896 275
608 201
478 473
314 210
469 346
975 442
202 104
795 713
975 271
966 486
669 152
827 86
958 703
578 552
205 201
681 210
975 878
755 385
833 763
990 211
893 800
329 128
201 47
918 885
593 485
320 248
940 654
798 278
930 203
912 17
789 294
969 966
800 484
571 272
160 116
601 393
822 286
962 411
664 17
966 74
966 449
975 625
928 669
990 71
767 17
133 83
574 192
541 442
966 797
275 201
861 596
468 257
928 201
923 138
833 89
770 1
971 664
963 730
826 549
353 201
685 423
658 643
795 501
845 508
773 240
975 710
966 437
915 42
566 401
704 49
372 283
950 481
541 177
574 97
811 55
541 262
950 797
912 648
655 497
887 861
492 385
990 280
365 336
854 531
721 72
623 278
858 476
809 292
975 587
445 293
886 370
923 484
617 146
729 28
604 371
975 468
991 766
737 210
953 729
703 362
734 603
977 544
729 451
515 391
541 146
729 584
704 358
672 184
489 342
317 94
912 610
809 152
860 502
721 294
492 206
69 57
401 72
748 703
192 17
746 549
800 438
710 201
861 117
896 159
360 177
975 437
754 655
767 341
861 231
219 87
484 17
541 371
527 128
210 148
203 35
544 485
734 541
861 749
769 391
742 478
966 963
893 334
478 104
930 878
577 317
767 664
893 451
800 346
861 193
710 40
493 441
643 302
975 1
806 507
458 17
962 16
128 13
878 401
117 101
437 279
748 339
610 584
975 669
913 765
735 279
317 11
672 230
492 294
317 128
800 83
483 262
657 623
942 423
861 173
436 138
727 665
601 12
763 526
912 646
796 17
484 438
711 411
990 861
729 401
219 24
449 242
279 106
827 391
975 970
962 72
800 721
772 117
795 376
553 451
703 571
958 26
772 248
657 584
958 385
770 17
861 3
682 391
719 657
796 203
966 46
836 17
613 35
240 37
788 711
449 138
203 152
238 181
800 752
848 584
963 478
391 89
665 72
584 152
752 157
442 83
424 203
282 35
791 541
919 478
800 300
975 206
638 72
896 128
260 71
966 146
710 703
866 654
240 201
711 210
962 55
498 166
948 201
210 146
424 63
438 40
742 90
977 363
807 201
871 710
308 55
248 40
893 189
808 573
665 623
433 11
679 17
963 129
271 72
796 35
861 474
990 613
444 77
449 385
669 151
813 203
755 384
870 570
844 577
795 49
401 146
608 573
992 432
886 442
638 485
703 670
357 94
721 492
942 35
601 3
810 461
552 517
969 401
950 7
491 19
816 278
811 201
360 86
858 201
585 210
138 24
159 26
608 577
665 491
672 385
861 595
940 763
911 800
786 74
577 401
861 189
664 517
977 159
383 172
896 210
587 17
797 782
861 391
451 219
423 353
962 507
576 491
769 133
958 755
293 185
210 77
658 302
800 737
159 40
828 742
492 386
939 28
586 138
966 893
923 17
742 7
419 392
610 152
968 271
478 26
638 210
698 323
665 555
838 278
478 129
711 670
861 19
886 24
724 83
762 381
754 502
594 365
332 279
703 224
363 201
810 280
397 128
813 282
710 571
451 69
966 256
797 451
117 55
690 403
966 767
463 416
138 87
578 17
871 703
317 210
870 4
346 275
861 255
738 44
852 201
847 138
720 190
520 451
992 198
578 476
370 206
541 104
992 492
866 703
966 734
752 729
473 392
861 748
201 61
665 57
704 465
871 637
156 17
809 248
818 442
963 280
450 159
791 664
457 97
800 192
836 648
442 274
346 242
915 498
930 451
485 293
485 401
991 449
571 159
72 69
566 210
571 40
449 401
515 347
975 889
541 424
962 711
966 948
795 410
896 610
672 269
577 384
720 672
478 72
181 41
46 17
861 438
791 237
703 210
866 835
451 87
987 71
507 442
985 501
449 201
950 152
975 767
664 493
507 55
449 114
711 128
541 461
818 457
863 273
939 442
772 249
672 300
901 820
833 526
800 270
827 360
393 159
509 219
730 433
743 638
827 772
630 585
706 492
741 181
541 128
729 638
966 652
800 614
670 584
861 698
669 608
654 494
501 128
795 463
911 785
710 501
975 557
930 282
392 278
915 451
292 40
549 273
930 401
975 201
966 913
930 912
513 165
866 743
703 272
950 90
963 871
638 584
911 441
800 522
604 517
541 353
633 541
811 7
853 83
254 201
138 71
646 17
672 201
438 210
571 128
911 24
772 449
574 318
516 371
201 185
129 37
673 672
966 457
665 258
911 886
747 377
531 7
977 201
483 17
571 501
610 341
689 445
591 419
952 405
808 159
991 541
966 242
358 172
960 552
614 584
950 37
960 318
767 457
391 176
960 159
966 816
800 69
861 859
765 521
424 83
485 341
734 672
608 357
573 198
149 49
451 102
966 72
755 138
702 391
800 584
853 128
969 138
742 371
936 727
159 77
280 8
672 386
912 401
83 72
896 461
176 83
896 344
861 49
810 696
485 193
861 390
755 703
729 1
624 451
861 283
370 278
381 246
945 573
985 376
165 160
451 71
812 527
971 182
866 742
914 816
859 411
767 282
609 138
953 464
544 302
502 401
444 282
746 74
966 520
800 738
861 681
492 387
861 574
711 371
977 280
523 195
649 55
322 285
262 210
262 72
861 380
941 811
913 210
936 201
810 755
729 590
361 201
716 393
698 552
953 11
800 769
861 650
809 17
749 608
201 3
913 686
646 157
457 71
986 128
866 490
805 302
719 157
866 353
800 317
861 254
827 658
962 861
269 77
828 614
711 610
703 159
940 257
729 200
966 126
816 772
729 341
871 40
449 57
476 39
664 315
599 181
530 476
507 133
966 735
911 274
960 128
723 385
736 513
37 7
278 62
942 17
497 476
711 658
411 86
975 3
950 742
871 468
816 493
453 449
724 710
729 648
963 836
966 574
428 344
501 376
541 423
862 302
809 83
599 41
665 25
966 800
861 577
861 587
963 248
457 1
698 11
672 665
339 8
975 159
755 686
703 40
953 800
891 673
100 0
966 205
451 86
527 353
711 405
871 501
370 17
77 40
912 800
898 201
811 302
280 24
658 157
442 7
800 271
665 601
390 256
348 154
896 163
930 665
729 17
975 449
451 55
914 800
270 262
985 162
729 496
966 278
541 159
711 96
795 248
501 159
713 571
391 230
800 754
610 520
704 484
248 128
201 159
800 24
923 224
994 930
902 861
963 749
719 17
451 437
727 601
493 485
994 451
467 159
442 391
230 219
507 494
86 17
527 423
836 485
370 83
279 17
286 201
839 494
428 138
746 157
800 646
767 193
433 55
939 24
800 785
912 729
493 451
698 210
963 19
871 704
457 119
737 437
262 48
896 411
977 83
721 385
474 270
478 451
451 402
764 201
992 861
411 210
729 83
755 35
966 485
858 353
975 39
527 146
256 39
719 483
930 689
514 401
721 248
788 451
736 428
457 157
664 552
262 143
493 423
580 1
383 358
442 441
317 17
541 88
541 516
820 484
210 104
486 451
590 262
280 17
946 11
772 285
577 141
851 7
893 83
746 457
449 17
129 102
861 806
522 391
721 342
478 57
201 90
800 240
663 244
923 280
886 380
399 348
721 451
74 17
814 672
953 939
789 201
861 282
962 610
782 318
966 61
339 302
433 395
729 282
302 113
871 485
451 449
665 240
486 416
966 521
201 97
812 617
970 437
861 573
896 711
257 232
919 566
672 317
963 7
866 210
686 433
861 486
729 97
657 157
799 464
831 91
173 83
969 703
738 424
975 346
657 391
63 7
963 584
966 262
870 755
966 765
541 484
891 485
800 770
584 138
950 848
795 478
280 210
483 461
492 201
461 17
565 449
861 253
896 39
648 646
800 457
485 258
866 8
813 527
992 810
711 71
966 128
861 348
953 767
975 315
442 133
84 26
724 541
210 13
660 172
950 317
391 55
424 17
963 401
401 35
948 665
672 546
62 40
940 896
494 384
493 438
451 271
985 269
992 231
985 410
578 138
966 320
574 17
911 370
864 716
345 201
921 509
201 87
468 106
772 401
943 723
971 966
401 342
481 262
930 610
715 203
436 280
861 436
887 143
930 631
517 437
657 195
914 468
914 827
743 26
985 571
748 71
966 308
858 461
590 458
928 672
912 608
942 738
541 391
457 271
434 393
401 97
672 403
721 201
911 818
861 822
549 201
896 478
742 129
963 742
883 849
552 159
55 26
827 752
861 405
858 847
729 157
966 45
300 156
975 341
449 182
669 210
966 279
866 522
861 69
839 246
577 126
262 37
858 541
672 434
392 62
889 485
861 791
257 117
190 124
283 89
977 449
791 7
800 442
493 484
686 449
339 201
72 57
940 152
992 201
940 275
224 17
724 526
975 703
727 12
789 665
992 573
609 55
159 59
818 159
953 26
861 665
818 274
665 46
923 820
772 451
950 738
280 87
930 17
608 514
476 391
985 861
939 886
201 69
861 205
866 133
451 405
566 74
608 344
536 159
832 387
950 849
966 474
541 203
966 337
541 320
537 412
401 282
895 451
963 385
966 822
157 97
950 866
210 138
795 280
852 601
800 210
970 17
83 54
930 346
824 201
55 17
689 39
451 370
799 541
478 444
552 274
859 86
634 240
451 104
921 610
782 697
212 43
473 370
948 138
449 336
571 410
963 501
138 7
689 564
587 6
930 83
800 102
889 315
861 805
866 445
278 83
861 186
672 549
912 116
861 15
930 898
861 281
517 401
871 371
664 116
370 62
566 405
549 159
737 721
256 17
704 128
210 72
345 173
391 240
392 168
950 719
405 72
138 38
403 182
665 457
317 206
686 17
224 128
129 7
992 665
544 201
742 102
912 83
689 97
861 485
597 485
966 166
342 332
381 298
159 115
657 390
799 201
486 152
360 7
800 648
541 483
477 144
496 391
799 665
704 501
473 57
468 184
742 37
963 169
704 681
770 72
371 339
975 790
963 711
493 468
271 201
738 190
945 201
451 7
549 157
461 157
890 17
154 1
953 157
424 423
419 40
391 54
966 584
811 482
424 157
818 441
200 72
403 385
928 159
800 72
848 638
861 840
478 219
930 478
597 128
965 315
706 210
978 58
437 57
541 219
711 17
405 401
391 162
839 51
577 179
419 370
336 16
412 257
672 117
738 669
638 280
476 201
800 381
945 481
201 102
790 672
370 152
648 17
703 501
767 279
729 405
813 47
928 790
797 494
729 610
827 411
632 271
950 353
708 608
738 474
797 248
963 485
912 520
957 930
828 17
478 46
861 138
770 493
476 35
969 923
478 256
810 161
977 393
975 451
451 57
755 103
738 541
866 756
914 798
721 608
541 540
541 157
953 371
911 302
854 797
966 638
473 419
672 173
428 403
473 40
772 493
665 473
963 799
800 26
824 385
861 790
886 28
410 376
816 623
262 195
861 671
991 508
861 501
555 485
826 451
669 424
390 203
966 13
128 83
711 341
192 83
911 442
716 256
966 738
521 449
755 423
424 35
963 419
930 46
593 541
942 669
800 57
772 55
301 94
83 24
253 201
912 55
638 224
239 159
686 346
896 232
332 128
800 474
577 522
975 537
831 381
754 401
665 600
923 703
798 772
723 721
975 385
451 138
527 317
978 75
966 475
827 208
541 202
553 55
168 83
475 361
428 240
565 521
706 672
952 719
617 527
662 342
816 17
657 607
553 331
959 665
466 54
763 89
331 162
574 476
434 363
610 210
911 848
672 652
861 856
866 302
738 71
494 401
873 31
756 610
963 729
381 210
370 28
966 742
168 50
962 117
671 444
391 7
818 552
704 392
210 128
871 809
531 121
457 55
631 201
866 442
800 242
842 198
271 1
710 128
271 138
861 387
385 258
485 371
670 644
986 689
752 17
871 370
451 72
384 302
953 584
796 738
806 133
729 485
966 293
527 210
574 72
861 571
584 24
571 302
257 238
665 341
971 772
913 445
809 370
930 262
721 437
861 154
893 401
963 704
858 658
679 610
886 83
244 182
703 401
224 138
808 549
210 159
800 772
583 403
723 485
986 437
392 248
657 541
610 458
994 346
861 112
474 384
485 256
861 453
167 24
302 159
230 201
513 138
861 346
381 181
802 665
128 35
630 266
953 279
730 72
847 800
391 49
814 401
610 86
83 40
799 698
738 203
552 441
861 81
919 17
861 294
963 597
953 657
381 342
449 280
520 17
975 282
384 203
975 623
711 159
969 17
950 391
391 157
737 69
816 1
861 713
697 664
948 271
871 670
975 861
950 883
800 104
912 679
487 81
963 102
363 159
942 424
861 61
881 861
861 434
828 610
975 493
969 280
991 536
980 173
755 159
210 86
966 673
437 371
672 143
603 541
772 271
848 729
657 422
476 451
990 409
896 464
861 137
965 302
749 662
672 566
743 271
704 663
861 403
467 12
966 414
300 17
945 861
664 464
878 457
541 7
953 485
755 380
818 71
210 57
953 370
704 522
977 61
975 827
87 24
403 201
401 203
392 370
912 483
812 146
861 234
485 106
984 919
866 224
74 46
742 584
975 94
967 896
953 871
370 292
669 423
848 485
866 769
755 71
648 165
703 385
491 72
767 468
386 246
26 17
945 608
860 514
254 205
953 24
871 584
795 416
317 254
192 72
605 15
566 72
451 256
401 7
866 800
969 507
990 110
711 517
152 128
401 280
317 138
861 589
376 49
201 173
468 371
434 159
704 673
485 39
962 460
118 115
763 507
255 156
610 509
608 83
274 201
949 384
481 384
953 911
975 139
381 92
980 977
754 433
652 17
531 424
604 401
975 746
923 866
985 117
704 40
401 224
391 280
948 1
800 711
419 248
433 317
970 401
331 201
719 461
977 173
473 74
738 654
936 553
962 896
742 521
686 270
952 116
387 262
344 73
939 800
451 341
915 913
742 672
998 62
381 238
990 715
664 449
669 201
966 282
827 17
953 468
201 37
950 507
914 749
858 302
697 439
541 256
980 553
800 742
120 55
672 42
861 570
633 35
752 648
97 40
584 271
866 346
984 478
478 138
800 429
292 168
102 37
549 401
608 17
975 73
923 704
485 403
266 157
861 376
715 384
302 8
966 19
738 423
370 168
911 729
384 270
883 152
858 442
767 424
966 752
658 266
541 481
966 623
637 214
665 239
672 190
201 140
584 419
663 162
584 302
866 381
664 584
591 341
485 154
930 445
866 240
658 584
531 63
936 331
251 200
992 219
861 345
786 622
566 478
541 248
796 541
729 550
371 193
449 165
821 391
631 385
476 401
896 531
763 337
930 329
877 380
201 74
420 210
810 689
638 17
930 476
552 442
527 401
798 623
729 442
384 71
797 384
541 302
541 419
449 128
493 193
577 177
975 836
434 403
861 605
776 610
492 151
752 483
721 346
478 77
772 138
861 167
896 333
861 433
963 950
975 492
749 83
861 262
342 128
791 381
451 90
711 401
950 157
966 541
953 106
848 730
730 485
860 401
896 465
695 391
537 257
485 72
390 260
485 253
146 17
315 128
28 17
451 206
930 686
827 148
866 754
384 138
755 383
969 210
990 24
772 356
861 693
742 262
473 46
800 28
658 248
975 117
930 128
861 788
986 541
526 89
820 541
800 445
861 126
992 945
896 17
493 203
451 24
966 510
966 373
871 168
637 476
340 210
698 689
800 789
861 662
970 451
963 302
878 800
931 541
789 270
246 55
800 476
509 152
754 514
871 302
880 195
871 419
372 89
966 473
637 360
729 566
473 278
590 17
975 601
703 644
754 17
912 157
861 854
580 154
896 201
381 91
689 465
736 278
654 275
755 4
953 442
826 800
871 106
452 17
723 434
665 493
736 697
344 333
461 353
800 121
638 270
742 614
698 39
679 458
861 12
861 385
432 7
390 384
966 186
914 451
555 258
743 7
451 74
915 166
864 861
449 210
813 146
975 928
665 244
788 468
623 1
672 144
468 17
138 37
106 17
963 320
986 39
672 422
893 282
992 672
861 152
789 476
553 17
334 62
608 173
578 497
810 159
975 477
664 203
914 665
975 294
750 248
395 385
298 7
473 292
282 203
391 210
473 62
970 464
861 538
966 854
294 201
401 55
97 72
282 17
169 107
663 331
724 501
703 17
478 465
953 886
975 434
861 344
449 317
302 40
451 291
816 451
423 203
962 138
950 442
256 210
183 3
154 12
704 193
541 449
781 338
966 591
898 679
786 776
584 173
781 124
939 370
401 16
686 86
248 62
90 7
952 896
738 152
866 795
748 661
791 49
987 278
896 117
901 704
318 159
975 403
796 791
573 555
791 464
767 371
342 24
449 224
985 240
210 117
800 574
767 146
138 19
849 152
871 664
57 46
248 210
939 17
808 198
896 499
278 71
638 138
679 590
975 154
711 604
401 210
991 657
729 381
465 149
840 138
811 63
210 203
811 424
960 72
986 449
966 772
861 818
754 32
975 574
914 201
181 55
913 498
594 386
193 17
782 736
871 17
914 912
219 126
950 17
857 665
912 772
774 211
623 17
665 81
746 401
912 485
549 97
719 262
608 401
278 1
912 203
789 492
665 573
754 246
552 493
195 106
958 380
866 117
576 19
142 83
866 553
724 669
957 461
493 106
876 278
570 4
461 262
468 350
770 192
483 481
975 28
898 866
686 210
861 201
798 17
796 423
292 248
755 711
478 449
755 638
703 138
302 173
953 646
661 339
806 451
975 279
370 248
541 114
407 257
632 482
913 166
797 313
623 451
354 35
574 256
620 556
990 219
941 482
742 449
912 424
584 72
584 543
772 17
584 499
577 262
969 833
994 756
392 40
991 193
970 896
168 62
201 96
385 294
861 308
493 279
767 591
493 1
795 571
541 83
703 449
966 313
423 152
789 743
888 433
980 385
713 501
800 729
401 386
742 373
473 451
577 128
665 492
638 384
441 347
652 401
861 182
958 260
526 507
861 11
962 789
485 203
743 280
975 106
861 384
861 277
664 237
481 201
665 574
975 320
451 77
930 706
527 449
809 704
806 55
743 210
818 201
966 392
424 195
990 256
800 14
798 493
129 90
638 302
798 344
587 55
461 39
998 966
573 258
411 201
384 256
437 72
970 966
986 301
858 146
975 789
574 138
896 800
911 17
970 465
809 128
353 323
795 302
729 195
570 248
90 37
743 703
278 17
861 77
980 940
238 55
478 470
432 198
664 160
913 451
813 767
411 341
282 165
219 210
669 159
966 346
785 502
391 126
737 57
392 83
771 541
502 17
711 449
811 339
672 485
963 138
657 646
866 391
914 17
353 282
672 368
861 836
854 383
798 1
262 138
800 493
970 772
861 430
404 128
724 152
966 83
552 541
272 230
992 386
360 298
871 248
990 203
638 401
280 138
772 1
814 201
552 165
861 165
564 449
610 395
451 211
552 262
861 260
703 219
469 275
743 17
966 434
573 357
541 35
361 116
713 376
786 746
424 371
969 55
501 478
912 657
403 173
859 610
405 200
886 17
992 608
800 138
942 323
963 72
624 195
493 371
282 83
939 911
201 1
861 357
428 184
723 672
128 72
975 706
240 162
520 210
936 663
522 401
657 262
711 94
681 159
772 755
785 401
860 17
912 752
861 691
836 116
401 200
574 262
201 129
380 303
975 831
401 346
601 201
478 376
942 116
736 138
580 201
670 658
493 340
485 385
966 138
963 449
984 861
734 451
966 1
451 26
950 424
772 623
338 190
419 168
704 473
763 201
742 201
673 566
461 442
598 39
800 200
672 353
69 17
591 210
669 541
698 381
800 478
711 584
657 97
393 206
102 90
119 101
842 477
341 117
541 198
985 230
282 146
279 193
419 83
704 210
950 262
966 811
380 71
401 138
711 451
930 77
808 665
767 527
985 672
914 1
911 860
710 302
861 852
457 135
773 428
963 848
755 679
493 278
969 743
743 224
571 49
186 17
437 128
992 7
942 541
730 729
664 485
848 17
795 570
270 102
614 610
966 318
944 17
198 7
135 71
393 201
918 296
936 595
574 201
686 451
975 665
665 102
608 601
201 89
177 141
601 159
610 411
953 826
942 796
451 195
966 55
719 541
703 380
553 162
923 638
75 58
210 69
975 930
296 55
704 272
904 106
201 144
473 168
371 26
584 391
90 67
278 248
861 769
403 348
975 193
799 597
812 767
302 128
861 373
465 104
507 246
729 458
391 347
704 228
864 516
704 383
508 485
966 610
401 323
861 643
986 433
970 478
930 800
861 536
419 292
434 341
457 72
476 256
930 293
945 474
896 104
963 703
795 755
826 610
743 71
975 257
842 808
664 439
437 317
755 302
655 32
210 7
827 493
975 864
449 46
823 264
912 719
665 1
339 17
990 451
704 676
861 835
483 157
601 173
883 738
353 35
844 827
44 19
827 610
923 210
945 791
950 102
119 117
799 138
975 953
985 246
226 210
539 72
772 574
975 230
574 83
790 182
729 657
953 193
730 55
138 17
478 48
610 117
522 390
971 738
800 370
861 813
176 54
451 210
826 401
262 146
664 106
262 157
975 711
822 201
