940 275
669 203
800 646
864 541
711 670
816 623
449 74
517 201
765 565
469 232
716 159
754 294
653 650
911 886
890 201
434 83
681 210
648 485
809 182
386 48
767 193
861 28
827 148
866 754
748 272
428 72
861 318
405 200
928 811
984 919
977 434
923 820
87 24
665 286
939 24
975 878
485 478
800 785
755 385
977 911
401 203
260 26
977 536
912 729
473 201
478 90
597 128
444 77
672 424
898 128
861 813
990 211
117 77
767 391
704 182
943 921
953 665
747 377
861 401
665 190
842 494
384 138
724 526
975 703
181 55
531 210
392 370
789 665
860 514
754 61
318 210
913 498
401 294
848 201
860 800
886 800
950 849
958 380
800 138
527 201
912 483
17 1
329 128
484 154
861 162
785 294
610 341
971 664
451 403
969 210
339 294
861 501
210 201
881 573
159 128
698 210
738 723
975 738
689 445
128 107
437 159
963 72
861 799
871 704
721 159
669 151
952 405
593 485
826 549
977 608
193 17
584 262
960 428
278 39
990 24
800 483
871 493
173 142
272 219
876 468
861 424
609 55
573 468
31 24
861 473
385 190
907 17
812 146
975 710
966 302
737 437
370 182
498 451
669 424
390 203
711 706
167 12
960 861
977 785
203 201
963 608
434 193
805 478
587 26
921 610
939 665
468 151
966 242
795 486
601 315
782 736
28 24
624 195
861 234
810 696
871 17
818 159
358 172
257 181
940 654
742 262
686 201
451 248
896 411
788 665
419 278
862 526
798 278
727 404
515 391
665 451
975 730
813 203
485 106
975 587
928 522
968 795
977 83
945 573
953 26
720 138
975 798
473 46
274 201
755 384
960 552
928 182
711 341
672 203
861 665
810 201
544 501
866 224
669 643
658 148
587 6
574 256
672 280
74 46
870 570
852 17
391 260
953 664
442 159
818 274
969 134
966 565
751 449
861 257
186 11
812 203
923 866
957 461
474 270
827 270
742 159
716 574
493 371
465 210
731 219
980 966
742 584
669 35
507 246
734 603
809 672
928 210
911 907
541 154
800 28
517 401
574 194
986 541
672 292
912 371
754 672
614 584
864 516
861 161
476 193
939 911
672 514
912 17
861 210
573 350
975 94
451 402
571 357
451 291
975 380
348 344
767 591
950 37
280 87
980 772
911 442
201 146
720 24
911 344
767 146
716 256
864 738
795 544
969 966
401 146
475 361
385 1
401 35
723 672
960 318
800 151
800 262
896 478
476 391
746 549
800 484
966 433
991 193
608 573
861 133
930 286
953 871
571 272
990 861
549 457
129 7
859 827
861 329
384 115
385 302
370 292
128 72
774 211
669 423
720 385
623 17
848 485
521 449
975 916
449 302
952 451
668 391
240 162
411 210
861 598
520 210
853 434
601 393
886 442
601 89
800 401
767 493
975 240
224 210
866 769
704 172
672 586
638 485
861 26
886 17
703 401
385 104
665 81
923 665
703 670
357 94
985 861
755 71
719 672
746 401
555 258
608 159
665 574
392 182
891 210
403 278
770 729
648 165
776 201
970 896
930 878
424 35
861 811
168 40
724 485
980 79
800 445
861 860
986 39
861 205
809 434
657 262
861 126
614 286
665 522
262 173
673 522
486 463
950 94
992 320
385 278
962 411
664 17
623 190
963 571
527 203
711 94
681 159
866 133
912 485
911 729
491 72
672 293
710 173
767 468
549 97
601 370
966 74
992 945
719 262
386 246
975 168
26 17
942 35
975 89
637 522
451 405
652 35
896 469
704 434
492 17
522 386
966 521
665 442
975 669
930 46
966 816
669 371
465 49
896 17
294 280
828 800
731 87
806 391
608 410
772 755
833 507
975 800
721 302
704 541
800 57
449 141
861 704
763 162
411 201
689 672
544 173
781 380
926 806
939 861
800 485
729 385
966 438
992 861
442 370
706 672
966 449
785 401
953 727
571 128
958 723
975 339
860 17
589 493
975 704
128 73
665 406
975 625
858 353
608 344
962 451
669 200
816 772
800 665
346 83
945 608
963 836
711 371
353 35
706 17
673 344
912 752
985 478
800 69
939 522
755 383
449 317
729 195
822 800
478 302
192 83
231 210
876 278
704 62
278 1
912 203
861 232
499 347
980 266
970 800
975 17
253 201
254 205
861 315
977 294
665 449
813 201
485 104
665 370
831 293
786 742
953 24
816 800
601 526
716 449
536 159
664 468
665 573
401 200
977 541
861 663
808 541
832 387
800 97
711 117
990 71
574 262
861 810
861 859
912 55
767 17
201 48
822 729
552 493
201 129
975 501
861 494
638 224
72 1
239 159
828 584
686 346
896 232
492 7
662 451
613 128
861 729
871 584
323 206
591 154
392 83
657 601
752 601
541 231
424 339
541 152
574 192
553 331
353 317
541 442
763 89
719 483
672 294
861 782
992 963
795 416
800 474
507 89
966 474
861 208
704 149
966 373
913 17
953 698
871 168
859 672
723 401
465 385
769 201
975 751
637 476
552 517
831 381
318 256
928 419
380 303
238 181
57 46
861 81
541 203
972 201
754 401
478 17
905 401
657 240
317 254
583 7
549 159
192 72
710 142
790 278
969 401
698 689
861 248
201 200
281 32
923 401
573 465
950 662
923 703
871 861
950 7
665 405
295 71
599 181
711 703
953 3
670 160
963 950
772 720
798 772
342 128
275 201
734 672
960 749
541 320
672 17
861 596
491 19
800 403
468 257
715 256
990 138
975 242
282 77
866 654
942 203
861 393
919 478
816 278
537 412
385 159
357 203
975 679
485 151
950 483
608 357
437 69
914 552
721 58
370 40
939 28
527 317
975 795
800 789
393 193
711 449
749 159
672 61
434 224
913 86
478 376
192 1
861 809
923 138
211 140
468 293
573 198
478 410
433 11
736 428
457 157
975 71
601 391
657 260
953 669
201 128
990 384
736 138
975 357
978 75
861 286
720 670
723 357
451 102
923 901
858 201
821 451
665 623
608 173
401 282
203 146
986 433
142 83
963 573
930 686
833 89
729 24
807 581
952 936
946 186
966 57
936 11
97 17
248 163
672 517
433 55
966 475
770 1
827 208
670 658
624 492
385 86
866 553
465 17
963 302
788 451
493 451
724 669
138 24
566 72
280 201
713 83
590 492
930 159
485 385
798 665
403 336
541 202
963 648
711 286
808 665
565 373
541 492
434 168
930 805
966 138
553 55
168 83
353 201
657 17
608 577
861 785
844 577
442 385
478 451
878 800
224 201
809 392
371 315
742 286
173 17
675 467
664 608
861 469
861 743
428 240
600 545
665 491
975 706
461 201
580 1
727 210
986 344
963 40
157 97
985 608
437 401
755 138
702 391
958 877
565 521
494 333
669 119
861 689
950 866
985 77
950 797
886 159
942 669
861 595
734 451
665 390
809 40
852 138
931 541
992 541
729 370
966 1
610 55
685 423
729 483
896 706
940 763
795 280
371 279
658 643
861 392
866 638
953 610
665 86
806 769
992 423
584 17
963 224
451 26
181 173
755 249
721 57
800 584
852 601
544 410
911 800
975 401
672 62
729 3
786 74
800 210
986 517
549 74
970 17
936 385
442 441
201 54
966 271
789 270
729 665
159 26
969 138
861 492
861 285
371 17
428 184
730 584
675 201
977 401
669 507
816 17
256 248
727 11
720 219
985 713
977 861
657 607
969 861
434 419
791 637
785 608
772 94
959 665
339 94
800 476
969 507
861 189
795 339
861 46
809 403
664 517
984 566
861 496
689 39
805 665
864 203
451 69
936 727
419 292
731 138
570 4
664 193
314 210
608 302
772 623
461 262
871 767
806 442
587 553
716 403
541 88
449 17
861 590
800 282
604 201
574 476
801 672
966 26
914 385
383 172
211 71
468 350
770 192
83 1
672 546
975 62
159 77
509 152
861 419
755 672
966 742
881 842
861 468
280 8
428 128
423 17
966 896
385 339
381 273
756 323
871 658
975 912
854 323
637 177
858 142
731 436
805 159
859 360
711 665
797 210
782 318
913 445
566 401
800 610
820 484
805 473
672 386
912 401
587 17
754 514
800 294
729 192
724 461
871 302
799 541
800 405
809 201
704 49
478 444
845 689
797 782
210 104
102 90
953 752
686 210
552 274
152 128
210 138
485 4
451 140
128 40
437 210
772 356
755 248
812 401
963 7
970 861
859 86
962 341
711 451
393 336
541 177
597 138
966 673
914 772
634 240
672 652
957 930
83 72
871 419
169 128
790 62
452 17
419 168
665 128
385 249
423 353
704 473
451 104
822 24
798 17
485 282
461 353
464 11
365 336
590 262
493 484
977 860
401 280
796 423
754 281
800 17
449 165
866 302
541 262
445 401
800 128
738 71
279 159
583 173
992 966
896 128
946 11
571 410
790 248
966 473
292 248
696 461
201 162
755 711
371 206
573 571
637 360
939 822
975 526
962 507
800 514
403 7
720 87
953 930
492 323
772 285
494 401
578 476
866 323
800 61
655 497
970 485
950 823
723 679
302 294
861 589
990 115
706 346
292 62
610 17
478 449
795 385
782 697
861 128
729 566
914 672
887 861
391 216
729 679
385 7
975 430
871 201
230 162
861 32
742 201
673 566
485 193
953 151
746 457
752 646
492 385
756 610
461 442
257 232
711 478
966 357
403 257
703 138
963 729
401 224
598 39
861 655
813 812
544 495
985 83
861 544
800 200
838 272
861 593
992 672
553 17
672 353
468 371
201 24
990 280
442 274
776 622
923 449
69 17
953 646
419 62
348 72
573 385
576 491
923 638
861 390
334 62
785 514
769 133
129 102
958 755
966 594
861 280
975 672
854 531
993 577
985 977
608 376
473 278
665 24
953 28
661 339
721 72
939 17
975 887
911 159
977 887
669 89
566 451
623 278
797 181
584 574
943 509
729 1
434 159
967 11
669 526
302 201
785 17
861 806
992 571
738 19
278 182
969 477
809 292
896 672
948 665
940 210
201 133
752 3
769 507
871 128
624 451
789 381
385 79
814 800
861 283
665 48
370 278
975 279
381 246
953 493
608 149
370 248
523 156
765 449
912 339
473 370
836 648
665 541
541 114
985 376
658 302
721 342
407 257
393 371
608 465
806 201
772 457
948 138
165 160
478 57
913 166
800 240
936 464
763 507
282 17
800 478
255 156
610 509
923 280
945 320
966 361
338 190
898 201
921 152
963 501
798 449
608 83
861 383
992 353
138 7
399 348
665 302
370 28
797 313
928 584
716 318
665 584
800 737
928 278
949 384
826 445
948 72
812 527
971 182
574 17
721 451
449 128
969 601
930 689
861 731
776 55
975 393
445 293
74 17
689 564
966 24
953 911
385 94
457 201
610 385
727 698
886 370
923 484
623 451
449 198
257 162
723 83
827 385
796 669
72 17
653 405
381 92
842 478
704 403
703 608
975 719
834 608
401 17
720 278
975 914
711 584
492 386
133 6
436 201
458 385
912 590
438 403
859 411
930 610
772 385
848 807
478 102
434 248
754 433
896 210
354 35
541 461
752 210
848 581
767 282
805 57
168 50
896 854
953 939
292 83
852 449
866 795
315 3
966 294
975 28
813 401
652 17
871 159
35 17
737 159
704 320
638 201
620 556
789 201
673 608
953 464
703 644
262 74
932 598
827 360
403 62
975 886
754 17
852 646
449 445
864 672
962 117
449 46
730 201
919 385
813 767
861 658
800 102
912 608
157 17
517 344
478 380
923 17
861 805
990 219
339 71
912 157
986 799
26 7
444 282
932 39
975 278
742 7
928 847
746 74
219 198
419 392
385 360
962 610
915 42
950 451
391 240
671 444
711 401
902 128
392 201
492 458
942 796
190 1
119 101
393 370
912 686
434 128
848 638
478 201
966 162
610 152
577 449
192 97
891 673
966 61
963 477
278 83
654 494
861 186
975 182
975 39
451 411
968 271
975 468
742 449
391 7
339 302
861 461
149 49
704 392
604 401
966 520
975 746
727 341
896 201
665 46
661 71
845 810
977 498
893 62
975 953
816 798
721 151
975 814
800 738
492 302
344 333
340 203
866 494
977 975
861 681
809 790
249 201
411 94
985 117
912 424
985 230
861 587
610 210
729 282
736 522
991 766
704 40
381 365
302 113
975 138
871 485
672 549
861 15
866 743
953 729
970 665
257 210
704 357
638 210
381 91
861 465
665 126
672 278
861 322
975 522
689 465
798 333
587 133
977 478
963 159
584 72
698 464
731 24
459 381
930 302
811 113
975 770
638 584
203 94
852 577
861 653
492 48
703 362
861 574
838 278
914 318
478 129
888 610
279 193
949 71
476 273
861 226
419 83
861 19
862 724
704 210
796 738
864 424
182 112
975 317
662 313
858 476
767 669
950 262
515 3
566 449
720 17
948 1
861 428
623 385
702 16
672 195
696 201
401 83
813 782
977 672
985 173
911 861
861 514
478 210
383 83
992 573
654 275
577 262
724 83
871 476
371 106
861 198
762 381
385 77
980 522
159 151
864 35
975 273
342 257
522 203
945 704
896 12
772 631
608 501
861 563
800 711
969 833
994 756
392 40
798 720
790 704
866 442
541 146
411 117
449 186
672 94
866 156
672 461
800 242
969 669
939 729
939 886
871 371
430 143
201 69
248 168
896 654
842 198
729 584
896 573
861 91
419 248
665 240
914 861
704 393
713 173
185 26
990 110
755 4
485 315
380 71
716 681
648 601
449 346
271 1
608 401
648 552
975 809
904 257
565 94
703 224
322 285
970 401
473 159
401 138
61 17
810 280
424 83
800 286
269 117
397 128
383 358
719 461
710 128
110 42
514 294
861 157
576 19
813 282
429 17
463 416
704 358
738 541
975 344
971 861
953 442
789 36
672 604
24 17
975 638
370 62
703 128
919 808
669 193
919 665
271 138
963 730
566 405
473 74
492 162
970 437
384 302
861 573
679 492
826 800
852 800
800 203
405 72
749 210
737 721
663 201
990 140
749 83
767 203
770 83
896 485
401 94
465 451
710 571
704 608
262 72
451 1
489 342
767 527
256 17
493 279
664 61
975 963
485 371
898 866
848 72
963 809
610 590
385 280
670 644
928 62
912 723
914 1
912 610
911 860
710 302
805 74
151 72
679 590
743 434
986 689
809 152
800 437
657 476
966 102
861 852
226 210
718 711
953 822
201 57
755 638
457 135
737 72
594 386
953 385
805 736
403 182
539 72
195 83
822 28
930 128
391 16
797 451
781 672
473 17
520 342
919 566
672 224
302 270
767 424
424 7
795 8
672 317
117 55
871 370
800 465
736 393
723 203
864 371
962 896
690 403
665 96
159 138
861 380
665 17
451 72
665 386
950 719
963 848
990 390
493 1
795 571
866 492
672 157
861 679
492 206
975 477
703 449
861 585
37 7
599 41
948 574
540 320
410 173
201 96
69 57
966 313
871 790
159 72
549 496
885 296
861 303
149 83
262 210
451 151
822 442
736 39
665 493
138 87
737 451
138 38
930 74
665 271
913 210
713 571
608 463
772 584
664 81
423 152
577 138
748 703
560 206
789 743
742 521
797 173
806 133
403 370
597 256
672 40
344 73
866 210
729 203
736 697
610 94
371 339
939 800
953 936
861 847
975 251
706 604
729 485
280 138
97 83
637 601
861 17
888 433
980 385
451 341
730 638
381 238
665 457
465 83
713 501
915 913
898 577
731 201
493 278
403 210
833 665
963 923
485 451
826 385
521 373
742 565
860 672
772 322
852 752
341 117
928 63
765 94
724 264
672 419
676 159
969 743
810 465
800 438
710 201
969 449
810 755
861 224
84 26
686 17
743 224
672 623
638 270
159 115
861 117
442 286
120 55
173 83
770 423
186 17
477 210
966 946
437 128
896 159
769 391
698 39
669 279
871 721
360 177
665 624
800 729
401 386
742 672
940 861
772 437
520 294
861 755
401 61
729 97
527 210
706 371
657 157
790 403
749 704
571 544
975 403
799 464
861 40
610 360
742 373
871 83
969 923
729 590
201 165
385 62
928 896
861 458
432 219
992 7
721 703
477 449
182 62
475 81
992 357
665 385
704 681
730 729
399 344
980 893
669 251
962 711
449 344
664 485
831 91
742 610
473 451
716 393
437 344
901 541
990 715
915 498
861 727
679 458
577 128
541 485
193 159
992 665
540 163
658 210
986 711
866 17
231 161
549 157
975 151
966 318
698 552
861 12
704 201
822 665
861 445
738 424
975 437
210 17
975 346
870 4
665 492
346 275
385 341
774 201
871 571
949 861
665 270
669 302
950 313
953 11
664 449
657 648
203 83
501 410
800 94
791 784
928 461
544 83
434 71
809 17
198 7
754 655
871 292
601 256
638 384
912 83
913 686
899 461
729 646
861 385
827 17
432 7
953 468
826 74
977 430
727 451
138 72
914 665
950 507
755 423
63 7
157 94
360 86
786 622
845 465
632 482
928 483
990 409
646 157
571 376
517 128
936 811
517 17
975 458
571 159
861 750
469 257
723 610
317 205
669 664
966 186
574 271
738 44
914 451
478 386
871 473
652 162
672 608
966 262
257 238
991 977
861 485
665 138
485 159
936 595
441 347
896 344
475 116
152 17
720 436
842 839
966 623
664 27
958 861
871 720
238 55
977 854
617 511
703 498
939 286
703 201
526 89
574 201
541 256
948 262
607 3
958 71
960 348
748 219
966 166
457 71
424 152
672 541
861 39
844 827
975 35
942 152
847 138
391 3
966 765
665 102
666 201
962 672
980 553
950 129
704 571
451 74
219 87
484 17
704 383
185 84
930 262
915 166
720 190
800 742
711 385
986 128
866 490
721 437
947 791
520 451
902 541
541 371
445 94
805 302
808 478
541 484
710 485
610 201
672 492
526 507
729 286
608 601
473 434
992 198
719 157
477 224
975 97
159 74
861 444
918 173
962 789
348 128
963 357
799 11
861 63
711 465
936 698
381 36
485 203
342 332
256 167
493 193
703 35
800 770
765 742
434 403
473 248
203 35
571 173
861 570
648 3
977 713
800 317
912 648
847 665
282 35
861 845
657 390
953 799
861 254
899 449
384 203
953 648
822 286
738 474
159 46
861 384
975 392
672 8
451 117
570 485
419 403
962 539
370 206
975 607
646 3
975 893
577 141
541 104
601 167
963 584
574 210
827 658
501 159
679 610
772 128
151 69
861 800
795 478
970 104
936 167
633 35
83 62
990 393
742 478
966 662
962 861
992 492
977 376
813 146
977 393
664 237
713 608
985 672
860 608
950 657
975 198
861 610
541 432
672 449
269 77
738 94
861 772
943 866
97 40
966 464
876 485
861 87
537 257
665 244
573 451
975 467
975 320
828 614
522 393
493 442
665 391
977 501
138 1
256 128
860 294
280 210
483 461
623 1
608 294
800 648
584 271
752 657
669 106
473 449
679 17
703 159
913 346
492 177
866 346
901 201
601 159
541 483
468 17
737 151
672 493
457 401
800 385
984 478
912 646
810 550
975 224
871 403
610 411
826 672
861 664
966 734
552 318
975 292
798 182
713 478
664 182
689 293
963 19
893 334
403 40
940 257
928 473
393 211
527 449
344 302
541 165
601 17
861 648
478 104
977 703
805 449
799 727
706 262
565 449
729 200
553 26
928 719
795 501
800 429
767 401
573 184
577 317
282 83
861 253
292 168
975 117
889 861
106 17
549 401
963 320
608 17
992 432
392 278
428 348
896 182
608 128
977 61
820 541
767 664
648 646
800 577
940 485
835 201
752 729
473 392
721 210
473 57
749 149
809 704
770 685
806 55
984 201
672 422
810 476
800 346
468 184
861 831
476 323
800 457
608 514
953 826
861 193
224 138
871 40
672 610
723 17
669 117
339 280
966 663
861 483
923 704
451 195
860 61
665 57
977 383
704 465
966 945
608 61
347 3
969 17
128 12
963 90
871 637
485 403
975 848
743 17
436 24
664 315
960 914
521 201
449 403
530 476
913 492
507 133
839 507
986 861
702 49
928 94
861 752
950 806
240 230
866 294
838 704
798 442
942 738
866 8
813 527
279 151
984 451
809 248
710 40
201 72
818 201
585 210
451 385
451 302
862 544
404 248
818 442
861 376
704 573
923 861
963 280
493 441
385 334
686 492
963 169
765 201
966 812
450 159
719 541
601 595
664 279
945 861
820 154
665 478
791 664
350 184
703 380
643 302
966 128
715 384
790 434
541 516
302 8
966 19
953 912
970 94
457 97
248 201
945 357
729 574
912 106
770 72
789 476
975 1
173 7
727 672
212 43
861 442
738 423
989 584
871 193
858 672
966 735
280 17
585 266
370 168
522 317
911 493
953 159
911 274
664 371
939 203
912 861
584 522
271 262
711 244
969 638
672 411
800 192
990 87
919 201
424 195
478 282
852 3
898 811
790 201
990 256
583 403
975 485
159 40
953 767
384 270
723 485
923 743
966 571
975 315
669 493
767 522
346 242
493 385
590 17
975 601
474 94
493 274
833 669
826 610
986 437
665 664
833 526
442 133
861 112
806 507
393 206
731 280
958 17
449 39
838 571
800 14
646 601
75 58
478 69
320 163
749 438
458 17
991 393
282 146
966 200
986 698
736 601
478 385
960 128
457 138
975 72
736 278
774 584
210 69
704 419
723 385
798 493
591 210
129 90
966 950
861 274
493 468
441 201
858 442
822 17
128 13
975 573
928 403
854 384
527 282
668 476
271 201
578 497
984 808
928 657
861 608
672 451
752 17
992 608
601 385
477 138
638 302
969 703
664 527
704 272
723 44
514 17
451 190
975 755
614 17
798 344
966 914
971 772
584 391
975 608
437 17
664 203
871 608
157 3
711 604
622 201
646 201
742 614
928 157
658 266
878 401
772 262
565 201
614 610
703 383
942 541
672 1
601 157
861 723
457 262
991 449
117 101
749 672
736 513
960 159
876 293
861 151
292 182
888 299
806 451
571 302
990 436
852 317
861 441
573 485
210 13
975 294
451 154
72 69
485 103
710 608
219 7
660 172
665 274
449 401
637 214
566 210
950 317
493 190
437 279
975 483
371 159
990 720
852 729
527 451
750 248
734 541
901 154
715 115
541 163
672 190
928 40
861 646
749 465
292 278
852 157
943 198
912 282
861 842
610 458
177 141
748 339
790 40
742 94
871 151
419 182
257 55
395 385
571 40
210 128
461 17
437 73
672 48
902 13
975 969
928 392
812 282
560 323
492 478
990 613
610 584
403 292
473 168
203 115
478 74
711 104
966 190
587 55
461 39
790 392
424 17
891 522
501 83
456 273
97 1
278 62
942 17
566 74
913 765
963 128
724 201
338 124
723 19
401 353
442 17
975 514
262 159
286 17
789 102
703 672
424 210
474 384
800 623
970 56
485 401
90 67
497 476
928 370
735 279
721 478
317 11
672 230
861 718
770 574
992 754
94 86
411 360
278 248
151 106
710 159
861 769
410 83
608 544
975 190
966 498
953 852
376 83
515 347
385 162
975 333
950 133
811 577
975 754
966 915
669 468
473 292
437 385
493 106
975 822
963 743
251 201
201 168
401 242
411 86
861 399
189 85
317 128
478 173
302 159
663 162
282 203
950 461
861 453
861 7
975 3
923 541
230 201
513 138
861 346
381 181
608 231
256 12
953 157
949 201
523 300
393 71
940 403
729 262
401 333
864 669
601 3
531 7
473 83
861 566
424 423
501 40
899 39
468 278
975 193
590 552
852 483
201 151
419 40
183 3
861 412
384 256
665 177
742 385
842 507
861 269
476 381
256 232
546 201
437 72
811 183
940 337
483 262
975 889
665 527
657 623
930 445
270 138
473 62
811 482
62 40
963 703
978 721
445 17
861 538
809 278
573 104
761 248
942 423
871 468
809 419
391 133
975 507
966 650
966 549
940 896
816 190
966 948
370 159
295 173
985 571
800 608
812 767
975 861
393 159
492 451
270 102
436 138
494 384
912 679
531 63
270 17
240 138
192 17
169 19
672 86
861 638
992 755
743 638
302 128
344 182
942 336
956 116
861 177
638 477
804 55
816 493
727 665
385 48
391 126
453 449
918 885
818 441
861 373
828 610
449 159
966 912
953 279
493 438
975 610
390 384
381 257
403 385
251 200
969 526
772 256
861 672
608 40
648 157
544 478
800 72
930 711
808 451
317 159
601 12
861 578
710 584
800 278
911 514
769 442
315 128
795 410
763 526
97 72
975 157
896 610
723 458
31 11
975 571
172 83
210 154
950 102
465 104
950 17
724 710
986 301
896 24
730 72
911 61
942 861
449 201
743 672
574 138
852 159
672 269
577 384
117 71
672 380
729 381
468 279
896 800
975 192
896 727
861 249
690 451
992 231
870 248
391 49
729 648
742 390
861 270
966 574
861 268
720 672
742 17
428 201
428 344
704 663
721 69
886 665
852 648
911 17
604 517
294 61
985 410
915 451
501 376
800 1
970 465
478 72
578 138
411 17
861 537
814 401
541 423
669 658
672 442
476 424
781 201
861 827
202 104
809 128
763 601
698 648
610 492
97 7
729 458
248 4
391 132
767 151
721 571
361 81
723 386
484 438
449 182
861 260
936 601
703 605
975 280
262 157
713 410
975 574
911 294
859 17
449 373
703 17
975 860
800 720
896 275
483 3
711 411
930 478
492 339
541 248
193 106
203 17
886 822
672 248
449 177
930 672
861 716
800 156
434 182
966 152
930 898
809 83
211 201
586 391
936 106
478 465
476 210
991 541
244 182
795 302
796 541
391 347
743 401
729 550
573 478
861 451
665 104
923 672
665 25
522 434
966 913
346 262
704 672
871 669
570 248
608 315
928 434
90 37
977 795
975 816
669 101
492 198
135 71
919 451
743 703
861 720
861 577
809 62
969 672
986 718
574 457
278 154
795 492
282 201
657 3
46 17
729 401
953 886
966 320
975 434
966 610
861 344
820 201
975 720
219 24
861 25
665 279
911 286
975 871
711 573
401 323
672 177
786 201
861 643
754 341
861 564
449 126
886 24
279 106
657 94
950 928
805 46
610 86
942 393
302 40
457 1
278 17
871 434
571 478
791 237
923 477
83 40
610 299
861 410
477 401
484 403
864 17
371 3
638 71
695 132
182 83
665 465
742 102
698 11
664 151
975 549
727 117
911 370
493 159
886 670
461 449
816 720
473 403
706 163
839 381
345 201
703 210
706 210
962 72
911 822
970 478
943 385
861 536
921 509
672 665
201 87
866 835
201 32
292 201
816 451
896 117
371 193
451 313
970 711
442 28
978 58
262 146
945 796
950 478
437 57
987 71
975 942
610 117
507 442
800 721
928 262
711 517
805 451
866 449
985 501
977 143
574 97
902 552
672 249
928 83
434 292
716 210
478 37
482 56
800 157
754 492
799 698
468 106
911 552
670 159
939 723
861 159
861 798
457 72
738 203
942 449
861 143
729 549
912 3
770 97
975 40
49 16
552 441
828 286
975 473
827 94
975 334
871 809
432 198
896 341
664 160
597 485
704 673
950 442
256 210
962 460
821 391
833 601
449 336
664 493
631 385
449 114
913 451
914 816
808 566
914 190
492 86
942 864
193 151
478 144
672 483
531 424
476 401
919 17
923 210
476 256
478 434
438 40
339 8
975 159
905 861
860 785
704 193
943 610
749 49
896 531
861 437
537 487
975 445
943 723
966 720
971 966
723 445
966 611
975 723
492 432
861 748
665 278
522 390
930 293
859 201
950 672
901 484
703 40
449 94
977 544
963 597
969 912
531 121
706 401
723 590
795 173
541 449
669 652
763 337
781 338
711 17
411 341
433 317
911 608
74 57
168 62
945 474
514 401
795 376
729 492
953 800
941 482
405 401
391 162
763 669
358 83
953 657
861 104
703 571
975 262
652 401
953 476
486 416
381 342
928 541
360 94
100 0
449 280
896 856
930 329
190 17
816 672
449 393
711 433
786 776
664 340
958 26
521 94
800 3
401 72
672 77
670 584
839 51
877 380
772 248
520 17
861 182
420 210
373 94
601 507
966 205
948 584
923 154
201 86
743 138
966 510
969 89
224 128
704 154
392 168
201 176
975 452
452 7
638 17
451 86
437 151
858 391
896 104
864 796
980 866
743 7
928 424
980 977
669 159
527 353
360 201
941 811
711 405
930 476
958 385
434 293
577 179
923 201
871 279
781 124
871 501
862 264
386 385
966 346
552 442
770 17
992 161
896 423
861 449
419 370
861 370
928 871
370 17
262 162
360 7
336 16
752 648
380 201
816 665
860 754
939 370
977 571
992 321
715 203
436 280
517 81
866 341
904 106
412 257
711 159
930 706
950 769
577 159
672 117
800 186
517 371
799 665
781 190
715 390
754 608
672 339
871 392
838 83
97 77
704 83
743 210
861 3
476 39
963 138
686 86
248 62
861 436
385 17
818 457
861 293
720 711
665 74
485 17
966 608
451 46
901 704
943 128
663 234
716 704
332 128
688 353
928 464
90 7
795 608
975 790
887 143
517 437
478 83
682 391
672 401
657 195
911 754
151 57
485 468
302 46
975 128
638 280
737 57
743 71
822 370
116 81
818 493
966 573
384 179
975 257
953 483
523 17
584 1
461 157
485 279
755 201
890 864
686 665
711 658
664 439
798 672
748 661
541 17
449 57
648 201
721 501
939 442
492 8
772 249
765 521
672 445
912 492
969 749
914 278
863 201
672 300
230 219
791 45
853 724
302 74
476 201
672 522
743 26
737 69
901 820
210 63
871 182
262 257
200 72
182 40
816 1
719 657
940 162
403 248
104 17
932 861
800 723
958 260
527 401
950 907
798 623
861 713
800 159
948 271
796 203
672 473
800 270
970 210
871 278
966 46
861 796
476 318
729 442
549 239
809 370
638 449
861 62
810 461
704 278
210 35
966 746
737 210
987 278
721 710
836 17
871 670
566 200
720 280
437 317
755 302
928 292
655 32
913 449
811 302
672 168
672 7
478 7
911 665
939 672
282 165
434 40
198 17
748 71
767 485
790 292
810 689
886 729
966 308
704 370
210 7
915 672
861 292
811 531
262 201
451 128
785 672
384 71
152 35
280 24
798 190
858 461
451 17
958 544
77 40
800 573
571 320
953 17
975 864
797 384
590 458
716 336
665 566
975 785
963 721
657 646
914 720
318 159
912 852
434 392
975 457
914 17
950 883
800 104
992 704
353 282
977 704
912 385
966 231
809 168
672 368
963 638
487 81
861 836
610 294
159 17
788 711
861 407
442 7
371 151
985 269
102 37
968 451
975 256
176 54
928 672
963 102
485 278
721 40
630 266
958 943
800 601
608 486
648 541
975 836
854 383
854 494
203 152
574 72
790 672
752 157
607 17
541 419
720 493
796 791
541 396
942 424
800 449
861 168
631 578
201 37
201 182
866 672
499 441
861 507
461 94
940 12
977 17
798 1
975 939
357 320
665 637
493 17
590 385
302 57
478 437
71 26
772 79
577 177
800 271
767 371
765 373
986 665
442 353
800 493
966 457
861 61
704 248
451 393
966 344
665 195
451 278
881 861
404 128
513 160
992 385
664 163
704 676
911 401
608 320
664 210
280 219
800 530
473 302
975 911
342 24
159 106
811 3
293 278
800 752
755 478
630 585
449 224
866 339
648 17
703 501
501 173
985 240
457 271
848 584
478 151
852 128
449 19
767 279
541 540
943 152
966 11
977 514
975 152
776 610
724 152
948 800
477 280
210 117
953 600
969 224
861 434
813 47
391 89
928 790
584 152
861 340
720 584
720 658
896 163
571 83
797 494
945 571
911 672
434 393
340 210
28 17
981 949
752 483
861 671
401 97
952 788
958 302
672 403
911 764
992 688
886 28
445 346
424 203
657 483
861 835
991 704
861 244
83 44
729 610
948 772
975 493
785 754
827 411
820 704
669 485
686 445
896 143
788 405
632 271
727 128
950 353
743 280
741 181
483 157
721 201
911 28
708 608
911 818
811 210
478 77
729 17
866 138
827 541
467 154
468 193
977 193
861 822
790 370
738 35
706 517
861 167
975 143
914 623
581 201
729 638
861 73
975 449
173 71
376 173
451 317
966 652
442 24
896 333
975 743
286 24
527 423
742 129
138 19
552 541
473 40
800 614
392 248
963 742
541 7
797 248
990 731
866 477
928 248
492 246
811 341
861 711
952 861
772 72
593 541
302 138
912 458
966 157
805 17
883 849
969 280
736 637
477 17
729 723
140 71
552 159
952 665
248 182
272 230
55 26
281 201
963 485
861 478
337 162
451 166
842 573
992 386
665 28
333 182
975 763
451 55
256 39
966 805
665 1
283 89
975 537
871 664
718 433
991 434
711 485
729 28
401 346
669 17
971 201
646 483
861 698
492 195
574 1
912 520
990 977
672 392
800 300
930 457
302 17
918 296
248 210
975 8
914 800
963 449
871 248
889 315
333 201
975 302
210 148
767 665
44 19
262 94
737 478
731 720
877 703
986 73
270 262
483 94
672 182
887 430
896 798
985 162
501 128
94 17
601 483
795 463
672 370
966 116
975 206
729 496
871 62
809 473
975 492
210 86
861 405
864 423
314 72
866 806
723 492
861 262
638 72
826 94
977 410
727 274
162 102
833 763
992 219
985 544
560 492
871 672
604 371
437 371
962 210
703 302
541 159
672 210
861 738
950 861
866 280
919 262
977 657
711 96
861 531
749 318
669 541
713 544
990 203
278 71
800 451
749 608
201 90
828 17
975 162
451 271
449 210
861 72
719 94
638 138
828 742
727 464
814 672
451 90
966 943
975 663
703 544
584 32
256 203
800 520
798 7
57 17
584 286
962 727
119 117
809 665
260 71
969 963
631 79
818 552
911 785
478 46
302 280
710 501
861 631
723 522
943 17
891 704
729 157
966 146
861 138
975 55
391 230
729 601
300 156
603 541
898 329
441 274
950 157
403 168
665 317
945 541
971 541
963 945
308 154
436 87
608 416
800 754
893 385
610 520
772 271
672 26
800 190
729 72
790 473
151 17
966 254
848 729
952 711
292 40
638 401
861 231
749 552
549 273
737 17
476 35
393 140
871 106
859 610
861 432
710 703
992 48
704 484
441 159
798 189
493 403
665 360
81 17
871 703
772 574
494 246
485 465
800 798
294 8
985 391
664 601
574 83
434 278
952 167
240 201
914 159
772 1
847 800
278 168
476 451
520 201
943 201
672 371
552 201
610 451
975 201
478 403
814 201
654 438
861 242
790 182
477 201
818 135
966 279
913 665
729 657
975 412
861 277
977 409
686 451
796 17
953 193
919 861
975 833
494 381
748 544
730 55
720 1
169 107
800 24
711 210
861 737
679 385
540 248
923 224
657 461
552 165
861 165
866 861
861 71
866 703
727 610
896 464
953 545
861 361
138 17
992 975
975 948
544 526
871 711
930 473
818 71
156 17
950 911
721 75
950 742
711 71
861 630
672 477
411 385
905 811
842 246
182 168
159 69
827 231
385 8
975 423
513 165
381 55
720 623
703 638
870 485
451 57
604 17
755 103
797 662
465 149
930 57
498 166
953 106
403 393
902 861
861 69
972 17
544 264
859 385
703 272
975 461
948 201
970 385
390 317
839 246
772 189
648 483
594 246
848 730
672 360
971 128
914 493
990 128
201 17
704 168
743 201
672 566
610 286
866 756
776 756
816 385
159 57
842 381
914 798
963 410
719 17
953 601
936 905
928 809
727 411
975 729
975 590
859 94
608 478
800 672
755 270
967 861
436 219
648 210
623 493
881 198
730 485
577 126
796 152
424 63
948 457
743 271
975 200
278 40
767 106
451 437
721 608
451 211
552 262
970 573
950 90
493 485
928 531
181 41
860 401
811 63
274 159
393 17
703 219
473 182
541 157
587 451
861 736
478 48
886 861
469 275
672 434
17 3
729 405
373 201
943 861
790 83
672 638
767 159
896 465
737 201
975 371
742 90
210 203
724 544
584 211
942 116
608 201
975 657
928 704
911 441
971 738
953 371
800 522
360 17
911 302
566 478
767 672
695 391
807 201
449 333
871 710
914 749
665 577
308 55
401 371
811 424
342 210
950 541
401 157
541 353
672 240
703 477
672 478
738 83
889 485
800 370
442 391
478 473
960 72
449 242
795 294
571 501
861 57
573 357
248 40
936 799
224 17
854 797
452 97
665 72
861 475
257 117
756 55
485 72
451 56
953 286
385 346
507 494
160 116
473 419
403 392
811 7
86 17
83 19
492 280
928 168
544 376
672 173
928 7
853 83
469 346
730 433
861 601
772 190
785 61
541 536
188 139
339 17
790 168
727 711
344 128
975 442
390 260
798 385
361 116
254 201
300 17
746 97
713 376
738 669
138 71
637 393
437 201
55 17
727 248
485 253
786 746
584 457
646 17
795 713
392 292
975 796
190 124
280 224
341 240
878 457
716 476
859 492
146 17
772 493
424 371
672 56
711 610
969 763
795 83
827 610
278 190
975 203
943 809
201 12
969 55
438 210
704 292
514 61
451 210
720 665
992 478
370 286
812 201
975 271
390 115
980 631
953 485
256 115
864 152
665 473
686 449
664 159
963 129
836 485
437 94
493 151
755 380
403 83
271 72
826 401
852 657
911 24
811 476
796 424
501 478
392 62
861 767
520 24
279 17
748 230
574 318
743 477
861 818
516 371
672 657
886 286
966 486
201 40
573 320
210 57
129 37
975 370
673 672
72 57
522 391
286 28
665 437
953 370
940 152
800 523
664 106
975 950
669 152
963 871
858 83
754 32
541 94
772 278
912 657
839 494
492 219
796 35
977 754
655 281
344 17
861 628
434 62
790 419
573 17
743 449
861 790
526 264
608 571
992 201
410 376
159 71
665 198
866 577
861 474
827 86
866 560
206 17
958 703
704 522
428 138
746 157
370 185
262 1
205 201
963 37
